1.000000000000000000e+00 4.880226544322377804e-19
1.000000000000000000e+00 7.835067637003076402e-14
1.000000000000000000e+00 3.481433595045045309e-30
1.000000000000000000e+00 2.068462601717872239e-32
1.000000000000000000e+00 1.344485716090181971e-25
1.000000000000000000e+00 3.064606877187063538e-14
1.000000000000000000e+00 4.880566453515591157e-17
1.000000000000000000e+00 1.763642537372273495e-18
1.000000000000000000e+00 2.120920313222643232e-15
1.000000000000000000e+00 9.020525645886401378e-12
1.000000000000000000e+00 1.525317476127536803e-16
1.000000000000000000e+00 9.079194754479523628e-16
1.000000000000000000e+00 1.603692984750723985e-15
1.000000000000000000e+00 2.298804802503012388e-16
1.000000000000000000e+00 1.343014909316403519e-17
1.000000000000000000e+00 3.373569481128358442e-18
1.000000000000000000e+00 2.082522731462997046e-18
1.000000000000000000e+00 9.060186797475738969e-19
1.000000000000000000e+00 5.475008385634371264e-18
1.000000000000000000e+00 2.112308375087912360e-12
1.000000000000000000e+00 1.553652673180749844e-08
9.996948838233947754e-01 2.910994226112961769e-04
9.365791678428649902e-01 6.342359632253646851e-02
1.000000000000000000e+00 2.396032869000919163e-06
1.000000000000000000e+00 3.221443556356007321e-09
1.000000000000000000e+00 6.654038543542954790e-18
1.000000000000000000e+00 7.859618510239743090e-28
1.000000000000000000e+00 5.830907582881015145e-29
1.000000000000000000e+00 1.818243377106146423e-28
1.000000000000000000e+00 7.599342214854476994e-21
1.000000000000000000e+00 1.111215270001361577e-21
1.000000000000000000e+00 5.654742780628527640e-22
1.000000000000000000e+00 2.414405170807288501e-18
1.000000000000000000e+00 5.010898380258810292e-13
1.000000000000000000e+00 4.590541635707268142e-08
9.960709810256958008e-01 3.927512094378471375e-03
4.580466139714189922e-08 1.000000000000000000e+00
1.000000000000000000e+00 3.532687969709513709e-06
1.000000000000000000e+00 1.269970394452663389e-17
1.000000000000000000e+00 2.790069131676714687e-29
1.000000000000000000e+00 1.127974316486341423e-28
1.000000000000000000e+00 4.758186620125484038e-25
1.000000000000000000e+00 2.204882716053051951e-26
1.000000000000000000e+00 4.409279309934400442e-30
1.000000000000000000e+00 3.639047037332112628e-29
1.000000000000000000e+00 2.463864711234940157e-27
1.000000000000000000e+00 7.056468137703694807e-31
1.000000000000000000e+00 5.400676355746139250e-21
1.000000000000000000e+00 2.738271276392367781e-10
9.928994774818420410e-01 7.101937197148799896e-03
4.254342913627624512e-01 5.745671987533569336e-01
1.000000000000000000e+00 7.682804725736380416e-18
1.000000000000000000e+00 3.698799610895009381e-26
1.000000000000000000e+00 5.312991918914368269e-29
1.000000000000000000e+00 1.068996202687506527e-28
1.000000000000000000e+00 1.389827443494919274e-19
1.000000000000000000e+00 6.435705302010319429e-09
1.000000000000000000e+00 5.666481173172144281e-10
1.000000000000000000e+00 9.491237769789420274e-17
1.000000000000000000e+00 2.483556474815047137e-21
1.000000000000000000e+00 1.215639246144394860e-31
1.000000000000000000e+00 4.511954264498289554e-35
1.000000000000000000e+00 2.150689636439600843e-31
1.000000000000000000e+00 4.115134820320997949e-25
1.000000000000000000e+00 2.306172764916818223e-17
1.000000000000000000e+00 3.676439357889462953e-15
1.000000000000000000e+00 2.192834299829127948e-14
1.000000000000000000e+00 1.842324448376806191e-20
1.000000000000000000e+00 1.443359865621159996e-23
1.000000000000000000e+00 2.428149611530042164e-25
1.000000000000000000e+00 2.083381404169659297e-25
1.000000000000000000e+00 1.746973747814491806e-21
1.000000000000000000e+00 3.359271344354126848e-21
1.000000000000000000e+00 7.965038744122028558e-15
1.000000000000000000e+00 4.260915231757422816e-11
1.000000000000000000e+00 4.712646939353248854e-10
1.000000000000000000e+00 1.085118757002123679e-12
1.000000000000000000e+00 1.067863933670904312e-19
1.000000000000000000e+00 2.009228069578029761e-29
1.000000000000000000e+00 1.369845627562800785e-21
1.000000000000000000e+00 1.075206566978792302e-24
1.000000000000000000e+00 5.606543757972758324e-22
1.000000000000000000e+00 2.249129531029041057e-22
1.000000000000000000e+00 7.392572691390512148e-17
1.000000000000000000e+00 1.037187501214674862e-18
1.000000000000000000e+00 1.993751274637480817e-22
1.000000000000000000e+00 2.162865697776950886e-24
1.000000000000000000e+00 2.657211707246891346e-27
1.000000000000000000e+00 1.140027190523605066e-26
1.000000000000000000e+00 3.744039172265212654e-20
1.000000000000000000e+00 2.210197025034791177e-18
1.000000000000000000e+00 1.580912110355321392e-19
1.000000000000000000e+00 4.938255303691437094e-29
1.000000000000000000e+00 7.731662709926068940e-27
1.000000000000000000e+00 3.270100855672428064e-25
1.000000000000000000e+00 4.471993441945120456e-28
1.000000000000000000e+00 9.841401957739633216e-30
1.000000000000000000e+00 2.328097218696209855e-29
1.000000000000000000e+00 5.128288602418973936e-25
1.000000000000000000e+00 3.422593374107079319e-18
1.000000000000000000e+00 3.691242624059842825e-12
9.999923706054687500e-01 6.303369445959106088e-06
1.000000000000000000e+00 1.756614764758523961e-08
1.000000000000000000e+00 2.947405977594096116e-14
1.000000000000000000e+00 5.052172399750330033e-25
1.000000000000000000e+00 2.485373650620103567e-23
1.000000000000000000e+00 3.981643963510026960e-15
1.000000000000000000e+00 8.573279863810512325e-09
1.000000000000000000e+00 8.087577374298049460e-13
9.232395677827298641e-05 9.999084472656250000e-01
8.609216456534340978e-05 9.999084472656250000e-01
1.000000000000000000e+00 3.752020948188466526e-18
1.000000000000000000e+00 6.890027382040045715e-18
1.000000000000000000e+00 2.631353378666398922e-16
1.000000000000000000e+00 2.891339945243487364e-11
1.000000000000000000e+00 2.855176148841565009e-07
6.983287903494783677e-07 1.000000000000000000e+00
8.487328027884100123e-12 1.000000000000000000e+00
2.661409553184057586e-06 1.000000000000000000e+00
4.103406390640884638e-04 9.995880722999572754e-01
1.000000000000000000e+00 1.212220736118718823e-25
1.000000000000000000e+00 2.949643568446072296e-22
1.000000000000000000e+00 6.292561313790923538e-20
1.000000000000000000e+00 7.556920244214997899e-17
1.000000000000000000e+00 1.187417951626859019e-27
1.000000000000000000e+00 4.420042625216179249e-29
1.000000000000000000e+00 3.260463978898375572e-30
1.000000000000000000e+00 4.618981483590020324e-30
1.000000000000000000e+00 5.481477085274224629e-29
1.000000000000000000e+00 9.697189378356162394e-21
1.000000000000000000e+00 1.299704435546647660e-18
1.000000000000000000e+00 1.312583508437127590e-19
1.000000000000000000e+00 3.050528149715528700e-22
1.000000000000000000e+00 7.285781905519733006e-28
1.000000000000000000e+00 1.317517390209540153e-30
1.000000000000000000e+00 1.228043710466757811e-28
1.000000000000000000e+00 9.236197641737422078e-28
1.000000000000000000e+00 6.496847641627139490e-26
1.000000000000000000e+00 1.901753211465339111e-23
1.000000000000000000e+00 4.633459848440990569e-12
1.000000000000000000e+00 1.493838689900495176e-13
1.000000000000000000e+00 2.063530019397901739e-16
1.000000000000000000e+00 1.332079974529243456e-18
1.000000000000000000e+00 5.729975424947660192e-32
1.000000000000000000e+00 1.280993422798417610e-28
1.000000000000000000e+00 3.767105489711822618e-27
1.000000000000000000e+00 2.747507391945531389e-27
1.000000000000000000e+00 9.443702264326360501e-26
1.000000000000000000e+00 6.086058994885189498e-28
1.000000000000000000e+00 5.036448861165319758e-26
1.000000000000000000e+00 1.212004632604114184e-23
1.000000000000000000e+00 2.055055485739505757e-22
1.000000000000000000e+00 1.637845247304898968e-15
1.000000000000000000e+00 6.935694240050902555e-20
1.000000000000000000e+00 2.591715624866686683e-15
1.000000000000000000e+00 1.722421094640935735e-09
1.000000000000000000e+00 5.298617367088809260e-08
1.000000000000000000e+00 2.670546196977702562e-18
1.000000000000000000e+00 2.164761389854537050e-19
3.880724646525886973e-15 1.000000000000000000e+00
4.355693583590891649e-10 1.000000000000000000e+00
1.081892102956771851e-02 9.891945719718933105e-01
1.000000000000000000e+00 3.861333031096592094e-09
1.000000000000000000e+00 5.870838061103037496e-21
1.000000000000000000e+00 9.021858129702271544e-29
1.000000000000000000e+00 1.209195701066229124e-25
1.000000000000000000e+00 3.906406854893226810e-14
1.000000000000000000e+00 8.949197900081875810e-20
9.999847412109375000e-01 8.385977707803249359e-06
3.144335746765136719e-01 6.855715513229370117e-01
7.075929641723632812e-01 2.924053370952606201e-01
1.000000000000000000e+00 5.730638577006175183e-07
1.000000000000000000e+00 3.751734743696523178e-18
1.000000000000000000e+00 1.218590199950902787e-19
1.000000000000000000e+00 6.624010747510556924e-23
1.000000000000000000e+00 2.212440300408680116e-11
1.000000000000000000e+00 1.802001463602209697e-07
1.000000000000000000e+00 1.067487644945686043e-07
1.000000000000000000e+00 5.858839016489717812e-16
1.000000000000000000e+00 3.384006225712093131e-20
1.000000000000000000e+00 1.830386214942231040e-29
1.000000000000000000e+00 1.605836055797631459e-22
1.000000000000000000e+00 1.900112499111615189e-25
1.000000000000000000e+00 9.106532542486917799e-30
1.000000000000000000e+00 6.778006912711641156e-26
1.000000000000000000e+00 1.743384493804608620e-22
1.000000000000000000e+00 5.449362780845364798e-24
1.000000000000000000e+00 1.730376650794057268e-24
1.000000000000000000e+00 4.868274131601339288e-25
1.000000000000000000e+00 1.376412001608220998e-24
1.000000000000000000e+00 2.439997562769363117e-25
1.000000000000000000e+00 7.857018870741509755e-26
1.000000000000000000e+00 5.950604368934071523e-23
1.000000000000000000e+00 7.497517058950507473e-23
3.942823503166437149e-03 9.960557818412780762e-01
9.514795616269111633e-03 9.904783368110656738e-01
1.411005556583404541e-01 8.589027523994445801e-01
9.999847412109375000e-01 2.181439049309119582e-05
1.000000000000000000e+00 7.689035768764646006e-14
1.000000000000000000e+00 1.092452527501645496e-14
1.000000000000000000e+00 8.916993049789709414e-28
1.000000000000000000e+00 1.002339377311450556e-26
1.000000000000000000e+00 1.099681170200984739e-15
9.900704026222229004e-01 9.923456236720085144e-03
3.010546788573265076e-03 9.969832897186279297e-01
2.513017224869962263e-11 1.000000000000000000e+00
5.464296157594913739e-21 1.000000000000000000e+00
4.802879470181958414e-19 1.000000000000000000e+00
5.479500629007816315e-03 9.945219159126281738e-01
1.000000000000000000e+00 1.392931039845279884e-06
1.000000000000000000e+00 1.653652681454786944e-08
1.000000000000000000e+00 3.457264696749007271e-09
1.000000000000000000e+00 4.448800609679892659e-06
1.691847592592239380e-01 8.308273553848266602e-01
6.337564554996788502e-04 9.993593096733093262e-01
8.705782965989783406e-05 9.999084472656250000e-01
9.994508624076843262e-01 5.417168140411376953e-04
1.000000000000000000e+00 1.090441855922108516e-06
1.000000000000000000e+00 1.658425241753136437e-12
1.000000000000000000e+00 7.625748643658170067e-11
9.982010722160339355e-01 1.801963895559310913e-03
9.248347282409667969e-01 7.516698539257049561e-02
1.000000000000000000e+00 8.431565341748825659e-12
1.000000000000000000e+00 5.504554553331729428e-19
1.000000000000000000e+00 1.003716802407676307e-26
1.000000000000000000e+00 7.765754232127075520e-17
1.993618439882993698e-03 9.980030655860900879e-01
6.936646790225045651e-20 1.000000000000000000e+00
5.194794275998169536e-27 1.000000000000000000e+00
3.663780066182130682e-24 1.000000000000000000e+00
3.712271611032843334e-18 1.000000000000000000e+00
7.009642866151466478e-11 1.000000000000000000e+00
1.726322323083877563e-01 8.273736238479614258e-01
1.000000000000000000e+00 6.552453579722339327e-10
1.000000000000000000e+00 6.579225358960272274e-11
1.000000000000000000e+00 2.888098961373319895e-11
1.000000000000000000e+00 5.345452347158886376e-16
1.000000000000000000e+00 4.584806064820710420e-21
1.000000000000000000e+00 1.900773170119737787e-24
1.000000000000000000e+00 6.373718040716684981e-25
1.000000000000000000e+00 6.702077109315760157e-20
1.000000000000000000e+00 8.451728164938404273e-26
1.000000000000000000e+00 3.606916266587414276e-28
1.000000000000000000e+00 2.018228445235130982e-24
1.000000000000000000e+00 6.674938167880473418e-25
1.000000000000000000e+00 2.012701606847062051e-23
1.000000000000000000e+00 5.963108281287480451e-21
1.000000000000000000e+00 1.480373295832570338e-18
1.000000000000000000e+00 3.325875189299746709e-22
1.000000000000000000e+00 1.045713399663391045e-25
1.000000000000000000e+00 4.530468410590437070e-24
1.000000000000000000e+00 8.860964683784054797e-23
1.000000000000000000e+00 6.321212055244018782e-21
1.000000000000000000e+00 3.151765307074505529e-11
1.000000000000000000e+00 1.971105743903134311e-11
1.000000000000000000e+00 9.798425517767523013e-17
1.000000000000000000e+00 3.750054810958261870e-21
1.000000000000000000e+00 2.381181888019099492e-20
1.000000000000000000e+00 1.849877472807131217e-16
1.000000000000000000e+00 2.257068511341587820e-17
1.000000000000000000e+00 7.191030466014211977e-17
1.000000000000000000e+00 4.199179898083607332e-18
1.000000000000000000e+00 4.113040081439856790e-21
1.000000000000000000e+00 3.086223769452902082e-17
1.000000000000000000e+00 3.480016296832089129e-13
1.000000000000000000e+00 5.077862501139118745e-13
1.000000000000000000e+00 4.188296031607668946e-13
1.000000000000000000e+00 8.343696014049412080e-14
1.000000000000000000e+00 2.728857620054922436e-23
1.000000000000000000e+00 1.570494642957268310e-20
1.000000000000000000e+00 9.672933533729524657e-25
1.000000000000000000e+00 7.922709119615942153e-14
1.000000000000000000e+00 6.788553687285883709e-14
1.000000000000000000e+00 7.294186174972229931e-19
1.000000000000000000e+00 1.161096346055453826e-22
1.000000000000000000e+00 4.210486061189923537e-19
1.000000000000000000e+00 9.861916725213541214e-16
1.000000000000000000e+00 1.749547568993294056e-14
1.000000000000000000e+00 1.621119078277881431e-14
1.000000000000000000e+00 1.791738057749882101e-17
1.000000000000000000e+00 2.971845317094266766e-24
1.000000000000000000e+00 1.010129131615177584e-23
1.000000000000000000e+00 2.387161532882309646e-24
1.000000000000000000e+00 2.910570694587074855e-20
1.000000000000000000e+00 2.424349295812814833e-22
1.000000000000000000e+00 4.595905653301532144e-22
1.000000000000000000e+00 1.696037880164230025e-20
1.000000000000000000e+00 7.608904906119260455e-16
1.000000000000000000e+00 4.888265267167746494e-23
1.000000000000000000e+00 2.801983650195491525e-21
1.000000000000000000e+00 1.123898537770181554e-20
1.000000000000000000e+00 4.453546142979547540e-10
1.000000000000000000e+00 2.104134892988440697e-07
1.000000000000000000e+00 3.091090716722533216e-09
1.000000000000000000e+00 1.313739289798832033e-06
1.000000000000000000e+00 2.381622232761060332e-09
1.000000000000000000e+00 1.910565261553642813e-09
6.033092737197875977e-01 3.966875374317169189e-01
6.043919324874877930e-01 3.956055343151092529e-01
1.000000000000000000e+00 8.803845985561054022e-10
1.000000000000000000e+00 3.459360575774894642e-10
1.000000000000000000e+00 2.306260182827202243e-10
1.000000000000000000e+00 1.391358024379187128e-15
1.000000000000000000e+00 3.687475548682586245e-17
1.000000000000000000e+00 4.496183646514140961e-19
1.000000000000000000e+00 6.714798888642884300e-19
1.000000000000000000e+00 1.092876583958776520e-16
1.000000000000000000e+00 4.019223860690552226e-18
1.000000000000000000e+00 2.160714316316232142e-23
1.000000000000000000e+00 5.213301676984313563e-25
1.000000000000000000e+00 4.629474004069747546e-24
1.000000000000000000e+00 1.714966647441017413e-24
1.000000000000000000e+00 4.881610515457392560e-24
1.000000000000000000e+00 1.196625101370121206e-21
1.000000000000000000e+00 4.579713387017317512e-16
1.000000000000000000e+00 1.014166181589892801e-11
1.000000000000000000e+00 1.612942973627795595e-10
1.000000000000000000e+00 6.019081186114114334e-20
1.000000000000000000e+00 3.118746994864523584e-24
1.000000000000000000e+00 8.791558349551136488e-26
1.000000000000000000e+00 1.016402015482836656e-24
1.000000000000000000e+00 2.013274411076294672e-26
1.000000000000000000e+00 1.024533408804580184e-25
1.000000000000000000e+00 5.839664261522234061e-26
1.000000000000000000e+00 7.722271419457025947e-24
1.000000000000000000e+00 1.230712173882000937e-13
1.000000000000000000e+00 6.133664906244762815e-24
1.000000000000000000e+00 1.775750290758949454e-29
1.000000000000000000e+00 2.085781334475979701e-34
1.000000000000000000e+00 9.737928937653109791e-36
1.000000000000000000e+00 1.008223267941802229e-31
1.000000000000000000e+00 1.356488108836524092e-34
1.000000000000000000e+00 1.083305595101987183e-30
1.000000000000000000e+00 1.032241519702402331e-26
1.000000000000000000e+00 2.032572596531021381e-20
1.000000000000000000e+00 8.622885326628649916e-21
1.000000000000000000e+00 4.560860381621779349e-19
1.000000000000000000e+00 3.961994916716095327e-14
9.999084472656250000e-01 8.400934166274964809e-05
1.304270029067993164e-01 8.695710301399230957e-01
3.291459870524704456e-05 9.999694824218750000e-01
1.286558637403345529e-10 1.000000000000000000e+00
9.323443174362182617e-01 6.765948235988616943e-02
1.000000000000000000e+00 6.441586630420714776e-13
1.000000000000000000e+00 1.104501598307862010e-18
1.000000000000000000e+00 1.328488459707114779e-16
1.000000000000000000e+00 2.928283171499401760e-09
1.000000000000000000e+00 2.284868992938311012e-16
1.000000000000000000e+00 9.660415384014498300e-21
1.000000000000000000e+00 3.128439081941031875e-21
1.000000000000000000e+00 1.421820463142997579e-19
1.000000000000000000e+00 4.037704849489659879e-21
1.000000000000000000e+00 5.689081204827278748e-14
1.000000000000000000e+00 1.565407677869980847e-16
1.000000000000000000e+00 3.628724249514667872e-19
1.000000000000000000e+00 7.468767023259727698e-24
1.000000000000000000e+00 1.454837122838078090e-21
1.000000000000000000e+00 2.228004315614652735e-21
1.000000000000000000e+00 5.137210364139406831e-20
1.000000000000000000e+00 3.009678738733400846e-15
1.000000000000000000e+00 1.304037916837952198e-21
1.000000000000000000e+00 1.009741554786111638e-20
1.000000000000000000e+00 6.200643809882021729e-16
1.000000000000000000e+00 1.335297810101110372e-07
9.999694824218750000e-01 2.917807796620763838e-05
9.996185898780822754e-01 3.812384384218603373e-04
1.000000000000000000e+00 2.777545971406570821e-16
1.000000000000000000e+00 3.207155610262822259e-26
1.000000000000000000e+00 1.675632357325403431e-28
1.000000000000000000e+00 7.350291771601334140e-29
1.000000000000000000e+00 2.511020239254786653e-29
1.000000000000000000e+00 2.791526180434445929e-30
1.000000000000000000e+00 1.923749329467002849e-26
1.000000000000000000e+00 6.008309780809260103e-24
1.000000000000000000e+00 4.094759099096750778e-19
1.000000000000000000e+00 2.733769239706961431e-20
1.000000000000000000e+00 1.122287917980357985e-12
1.000000000000000000e+00 1.397347288470103879e-15
1.000000000000000000e+00 6.273865739477517998e-20
1.000000000000000000e+00 1.062125320461010135e-23
1.000000000000000000e+00 4.117691130616134933e-19
1.000000000000000000e+00 2.083952047862700393e-19
1.000000000000000000e+00 8.496910727656938868e-21
1.000000000000000000e+00 2.382007331875483585e-21
1.000000000000000000e+00 2.364121998743532209e-19
1.000000000000000000e+00 8.658274436835707889e-16
1.000000000000000000e+00 7.914053819323542491e-18
1.000000000000000000e+00 9.392716427573817226e-27
1.000000000000000000e+00 3.087150992807907972e-34
1.000000000000000000e+00 7.324302527198156618e-33
1.000000000000000000e+00 4.986440056690435601e-33
1.000000000000000000e+00 4.146335623461252300e-32
1.000000000000000000e+00 6.941020839169041553e-33
1.000000000000000000e+00 3.858786371687256953e-31
1.000000000000000000e+00 5.779335391942078316e-28
1.000000000000000000e+00 3.509709651913532851e-26
1.000000000000000000e+00 7.666720276273469219e-21
1.000000000000000000e+00 1.360717148281588270e-19
1.000000000000000000e+00 2.635308509678096722e-18
1.000000000000000000e+00 5.068133644312796359e-26
1.000000000000000000e+00 1.472435914836612871e-28
1.000000000000000000e+00 6.858952231698445022e-33
1.000000000000000000e+00 2.443007574921294504e-31
1.000000000000000000e+00 6.610678840440140781e-24
1.000000000000000000e+00 2.346339408875360735e-21
1.000000000000000000e+00 7.537730183916347574e-21
1.000000000000000000e+00 1.029513209004622265e-17
1.000000000000000000e+00 5.268901981381191035e-10
1.000000000000000000e+00 5.024427309763268568e-07
1.000000000000000000e+00 5.848681609144481056e-15
1.000000000000000000e+00 4.056049754817526369e-26
1.000000000000000000e+00 5.773321302480634912e-20
1.000000000000000000e+00 1.997827944744123840e-11
1.000000000000000000e+00 1.114632823373540305e-06
9.625127315521240234e-01 3.748331964015960693e-02
1.000000000000000000e+00 8.508829245265245008e-25
1.000000000000000000e+00 1.064986832886860974e-43
1.000000000000000000e+00 5.335031620729838750e-35
1.000000000000000000e+00 2.693452778419601493e-26
1.000000000000000000e+00 1.090327847240521267e-24
1.000000000000000000e+00 2.996640802166439244e-08
3.555148374289274216e-03 9.964510202407836914e-01
3.792955939564343626e-14 1.000000000000000000e+00
2.246538400650024414e-01 7.753503322601318359e-01
1.000000000000000000e+00 1.816252091215928011e-15
1.000000000000000000e+00 1.963757281786548958e-12
1.000000000000000000e+00 4.181162360783474696e-12
1.000000000000000000e+00 1.148716436913128219e-15
1.000000000000000000e+00 4.748482005148939932e-19
1.000000000000000000e+00 1.116312491585003524e-23
1.000000000000000000e+00 3.308209375079354953e-23
1.000000000000000000e+00 3.655806753190222458e-25
1.000000000000000000e+00 3.497185252447984881e-27
1.000000000000000000e+00 5.610757164045456057e-30
1.000000000000000000e+00 1.805577249151883652e-32
1.000000000000000000e+00 5.435950173304344545e-24
1.000000000000000000e+00 5.624229948341589840e-17
1.000000000000000000e+00 1.695361259347858719e-17
1.000000000000000000e+00 2.755312922481286705e-22
1.000000000000000000e+00 3.076934704482254837e-26
1.000000000000000000e+00 1.260461444773169862e-26
1.000000000000000000e+00 9.174565114992735474e-29
1.000000000000000000e+00 1.655190108376264684e-26
1.000000000000000000e+00 1.371461901321225321e-20
1.000000000000000000e+00 2.363040201598677703e-19
1.000000000000000000e+00 4.193051316925201950e-17
1.000000000000000000e+00 2.408190079703650374e-23
1.000000000000000000e+00 1.188263153686673135e-23
1.000000000000000000e+00 1.033462944473132716e-26
1.000000000000000000e+00 3.003764889590891636e-27
1.000000000000000000e+00 1.605250090102122566e-27
1.000000000000000000e+00 9.290170333907237519e-25
1.000000000000000000e+00 2.395405258764361482e-26
1.000000000000000000e+00 4.161492608898579808e-28
1.000000000000000000e+00 2.967013764761359695e-28
1.000000000000000000e+00 1.213968171838825222e-28
1.000000000000000000e+00 6.593687183683270430e-29
1.000000000000000000e+00 2.402105911086042799e-24
1.000000000000000000e+00 1.795099393575583235e-07
4.180473297310527414e-06 1.000000000000000000e+00
2.546699962024945307e-09 1.000000000000000000e+00
5.650389994116267189e-06 1.000000000000000000e+00
9.359791278839111328e-01 6.401864439249038696e-02
1.000000000000000000e+00 1.823998313499330948e-10
1.000000000000000000e+00 4.100703218978556835e-17
1.000000000000000000e+00 3.981948716066716040e-22
1.000000000000000000e+00 1.448479888440406451e-21
1.000000000000000000e+00 8.025570096498458598e-25
1.000000000000000000e+00 4.929471708114956615e-19
1.000000000000000000e+00 2.592238455953379400e-16
1.000000000000000000e+00 2.259773557380758731e-17
1.000000000000000000e+00 1.567462427598787070e-17
1.000000000000000000e+00 6.393807109243466007e-18
1.000000000000000000e+00 2.184225861634535130e-15
1.000000000000000000e+00 5.097784413244261245e-17
1.000000000000000000e+00 1.165000327686736923e-15
1.000000000000000000e+00 1.159460808614065641e-11
1.000000000000000000e+00 1.187941389702018569e-08
1.000000000000000000e+00 1.109567506318853702e-06
1.000000000000000000e+00 5.211894915646553272e-08
1.000000000000000000e+00 2.522924691088375936e-15
1.000000000000000000e+00 4.430221516244295388e-14
1.000000000000000000e+00 2.988910452472737234e-09
1.000000000000000000e+00 6.600945484658282680e-11
1.000000000000000000e+00 6.584930084905986987e-17
1.000000000000000000e+00 6.876238694819093020e-19
1.000000000000000000e+00 4.963295010038505997e-15
1.000000000000000000e+00 2.928050157890993432e-08
9.478310821577906609e-04 9.990544319152832031e-01
8.186158456831293950e-13 1.000000000000000000e+00
6.165844687284313956e-26 1.000000000000000000e+00
3.014039379176807550e-26 1.000000000000000000e+00
3.230886238891550059e-22 1.000000000000000000e+00
2.336156666093023079e-22 1.000000000000000000e+00
1.947582010023506890e-21 1.000000000000000000e+00
3.807793187399548140e-18 1.000000000000000000e+00
9.135283471550792456e-05 9.999084472656250000e-01
9.999847412109375000e-01 1.212126699101645499e-05
1.000000000000000000e+00 4.269014194783393346e-20
1.000000000000000000e+00 1.339004710520706381e-24
1.000000000000000000e+00 9.749032105356936870e-23
1.000000000000000000e+00 7.511659126170585596e-23
1.000000000000000000e+00 6.096625516981233478e-15
1.000000000000000000e+00 1.310304575952159212e-08
9.997787475585937500e-01 2.233810519101098180e-04
9.999847412109375000e-01 1.476632496633101255e-05
1.000000000000000000e+00 4.258706296504760863e-18
1.000000000000000000e+00 9.134999790884905087e-21
1.000000000000000000e+00 1.299568496006234099e-21
1.000000000000000000e+00 1.218612898950133978e-20
1.000000000000000000e+00 3.256786978412431199e-21
1.000000000000000000e+00 2.964074546064594645e-19
1.000000000000000000e+00 5.929594590249625706e-17
1.000000000000000000e+00 2.926187802265375892e-14
1.000000000000000000e+00 3.077046812904882245e-07
9.843762516975402832e-01 1.562489569187164307e-02
9.935966134071350098e-01 6.406771484762430191e-03
1.000000000000000000e+00 1.758191540220024190e-14
1.000000000000000000e+00 2.113283639005248402e-27
1.000000000000000000e+00 4.918815147388724622e-29
1.000000000000000000e+00 1.822083994378870535e-27
1.000000000000000000e+00 1.500701474568383276e-24
1.000000000000000000e+00 2.691855689087860162e-22
1.000000000000000000e+00 1.005210947630665190e-19
1.000000000000000000e+00 2.301497374658546000e-17
1.000000000000000000e+00 2.571372319322956369e-21
1.000000000000000000e+00 8.682858348303660773e-29
1.000000000000000000e+00 3.878083350897248309e-26
1.000000000000000000e+00 5.410563248867748249e-25
1.000000000000000000e+00 2.173440162379094880e-20
1.000000000000000000e+00 6.130368133226292600e-16
1.000000000000000000e+00 3.508265900009632787e-10
9.999923706054687500e-01 1.023715594783425331e-05
1.652969513088464737e-03 9.983457922935485840e-01
1.000000000000000000e+00 4.291877617190742455e-11
1.000000000000000000e+00 1.450990308536192347e-14
1.000000000000000000e+00 4.498635009184138929e-20
1.000000000000000000e+00 6.331497826028709142e-12
1.102585065382299945e-05 9.999923706054687500e-01
5.582637996326411667e-08 1.000000000000000000e+00
1.000000000000000000e+00 3.275492377330380123e-11
1.000000000000000000e+00 3.082039419455635479e-22
1.000000000000000000e+00 7.601116244947702300e-27
1.000000000000000000e+00 9.340874861628383816e-26
1.000000000000000000e+00 2.429190297104214975e-30
1.000000000000000000e+00 2.284163720607699572e-38
1.000000000000000000e+00 7.322021015277947225e-38
1.000000000000000000e+00 1.135512476133241312e-35
1.000000000000000000e+00 1.837272185985051532e-34
1.000000000000000000e+00 7.503487539197813486e-33
1.000000000000000000e+00 5.395130216743047649e-31
1.000000000000000000e+00 3.658956049242724021e-27
1.000000000000000000e+00 1.330457604845200134e-14
1.000000000000000000e+00 4.649577921821383285e-17
1.000000000000000000e+00 5.763092438724592456e-19
1.000000000000000000e+00 2.508974507192579919e-19
1.000000000000000000e+00 3.970697969214679486e-20
1.000000000000000000e+00 6.414523847684856585e-18
1.000000000000000000e+00 8.041442115198546412e-18
1.000000000000000000e+00 2.306449552797592964e-21
1.000000000000000000e+00 1.857370992966116476e-18
1.000000000000000000e+00 3.246608010449431884e-18
1.000000000000000000e+00 4.662772858798645416e-18
1.000000000000000000e+00 3.826715783613111489e-22
1.000000000000000000e+00 1.412280792063425048e-25
1.000000000000000000e+00 5.972964777432125283e-29
1.000000000000000000e+00 2.494802349119791174e-26
1.000000000000000000e+00 2.915876819160193809e-24
1.000000000000000000e+00 1.438690294748133733e-19
1.000000000000000000e+00 8.228765162755086182e-14
1.000000000000000000e+00 1.742606981023492319e-14
1.000000000000000000e+00 2.149312857614607379e-15
1.000000000000000000e+00 1.081001579084965255e-16
1.000000000000000000e+00 3.962656901748482734e-23
1.000000000000000000e+00 4.055466071703372685e-24
1.000000000000000000e+00 1.722963893953377568e-12
1.000000000000000000e+00 1.599543767388819193e-16
1.000000000000000000e+00 7.347518224913931578e-21
1.000000000000000000e+00 3.573839194359607063e-06
1.324289939930167748e-07 1.000000000000000000e+00
1.860911697149276733e-01 8.139127492904663086e-01
9.900930523872375488e-01 9.910745546221733093e-03
1.000000000000000000e+00 2.069352310051139455e-19
1.000000000000000000e+00 4.766840241172043199e-30
1.000000000000000000e+00 3.853889638379923566e-30
1.000000000000000000e+00 9.370692642269240353e-30
1.000000000000000000e+00 1.435203986960164144e-19
1.173952780663967133e-02 9.882591366767883301e-01
7.911857962608337402e-01 2.088164985179901123e-01
1.000000000000000000e+00 1.320123068374447267e-23
1.000000000000000000e+00 8.547236648661720584e-28
1.000000000000000000e+00 4.327616585146617417e-27
1.000000000000000000e+00 1.006734137592248345e-27
1.000000000000000000e+00 1.598382724662223224e-26
1.000000000000000000e+00 1.674197280479257421e-25
1.000000000000000000e+00 1.097533472230645095e-26
1.000000000000000000e+00 2.249142280993421692e-26
1.000000000000000000e+00 6.486072140625490681e-27
1.000000000000000000e+00 4.846182852322602607e-27
1.000000000000000000e+00 1.338380333277199772e-26
1.000000000000000000e+00 4.635933743053443604e-20
1.000000000000000000e+00 2.676913969345377604e-23
1.000000000000000000e+00 8.673284577012389259e-23
1.000000000000000000e+00 1.229629054472393652e-19
1.000000000000000000e+00 5.627011146695903914e-20
1.000000000000000000e+00 1.396400220931778846e-13
1.000000000000000000e+00 1.455420392494286008e-13
1.000000000000000000e+00 4.113388449300536820e-12
1.000000000000000000e+00 4.873968863596846168e-14
1.000000000000000000e+00 7.250472326576762588e-17
1.000000000000000000e+00 4.731830445827941208e-18
1.000000000000000000e+00 6.823626695829547797e-15
9.999694824218750000e-01 3.609174382290802896e-05
1.985378563404083252e-01 8.014653921127319336e-01
9.276182044715142183e-10 1.000000000000000000e+00
2.270279797489394014e-10 1.000000000000000000e+00
1.046218858391512185e-05 9.999847412109375000e-01
2.107784166582860053e-05 9.999847412109375000e-01
9.998931884765625000e-01 1.033600638038478792e-04
1.000000000000000000e+00 5.923250578172487013e-14
1.000000000000000000e+00 3.675507260073194599e-26
1.000000000000000000e+00 1.629656499691685132e-22
1.000000000000000000e+00 6.758652659755171044e-08
9.999847412109375000e-01 1.173525652120588347e-05
1.000000000000000000e+00 3.746605159449245548e-08
1.000000000000000000e+00 4.998684799417674185e-11
1.000000000000000000e+00 7.313010738424149948e-14
1.000000000000000000e+00 5.178302571116866985e-16
1.000000000000000000e+00 3.463960507796011272e-15
1.000000000000000000e+00 1.468947527579557794e-19
9.999542236328125000e-01 4.082186569576151669e-05
1.928341848752247421e-18 1.000000000000000000e+00
8.943423801012484464e-14 1.000000000000000000e+00
1.000000000000000000e+00 1.090891146304784343e-06
1.000000000000000000e+00 1.061394941841039217e-18
1.000000000000000000e+00 1.338458566891889928e-16
1.000000000000000000e+00 1.568647247626426854e-24
1.000000000000000000e+00 5.172462920199905057e-07
9.989934563636779785e-01 1.010964391753077507e-03
9.999389648437500000e-01 5.276135925669223070e-05
1.000000000000000000e+00 8.162637978189300758e-15
1.000000000000000000e+00 1.137242156585140971e-20
1.000000000000000000e+00 1.193417025959382772e-19
1.000000000000000000e+00 1.331727363751542153e-21
1.000000000000000000e+00 4.608809664655155930e-37
1.000000000000000000e+00 4.827345921737628436e-19
9.972571730613708496e-01 2.745361765846610069e-03
1.513677556067705154e-02 9.848570227622985840e-01
2.260644361376762390e-02 9.773866534233093262e-01
4.637651727534830570e-04 9.995423555374145508e-01
7.608562100358540192e-07 1.000000000000000000e+00
3.119679831797839142e-06 1.000000000000000000e+00
1.000000000000000000e+00 3.495533376640658219e-11
1.000000000000000000e+00 1.262112075235833057e-18
1.000000000000000000e+00 3.274069166015273573e-18
1.000000000000000000e+00 6.550927171465769678e-18
1.000000000000000000e+00 1.398621199552994745e-16
1.000000000000000000e+00 6.990585148304606124e-16
1.000000000000000000e+00 2.097365395418358616e-20
1.000000000000000000e+00 4.643041228348191118e-23
1.000000000000000000e+00 5.032010054866693833e-27
1.000000000000000000e+00 3.796966070534574516e-29
1.000000000000000000e+00 6.348039585953290855e-27
1.000000000000000000e+00 2.733331969775858017e-27
1.000000000000000000e+00 2.785705106252637904e-24
1.000000000000000000e+00 4.933146335872606869e-09
1.000000000000000000e+00 1.431488527714463999e-08
1.000000000000000000e+00 7.469838983475973748e-12
1.000000000000000000e+00 2.382328967808860332e-18
1.000000000000000000e+00 2.225662709687270535e-11
9.994050860404968262e-01 5.907079321332275867e-04
2.819461951730772853e-05 9.999694824218750000e-01
1.382313046579403126e-13 1.000000000000000000e+00
3.433966706909569178e-13 1.000000000000000000e+00
7.913888457316414771e-14 1.000000000000000000e+00
2.944471601354923043e-15 1.000000000000000000e+00
9.139763712882995605e-01 8.602105826139450073e-02
1.000000000000000000e+00 3.605036330011775103e-18
1.000000000000000000e+00 1.655953063109079760e-20
1.000000000000000000e+00 1.935543076369980941e-17
1.000000000000000000e+00 3.271040707245845454e-15
1.000000000000000000e+00 2.107863003879186653e-14
1.000000000000000000e+00 1.677498946499843269e-14
1.000000000000000000e+00 1.963727357806588358e-12
1.000000000000000000e+00 3.573692957337280632e-19
1.000000000000000000e+00 2.794122153503732948e-25
1.000000000000000000e+00 5.654551333553161363e-21
1.103163138031959534e-02 9.889681339263916016e-01
5.256277635368178380e-09 1.000000000000000000e+00
1.423736393917351961e-04 9.998626708984375000e-01
2.612261340573240886e-08 1.000000000000000000e+00
4.611352688588254978e-10 1.000000000000000000e+00
2.721218732810869081e-22 1.000000000000000000e+00
9.850443928640777733e-17 1.000000000000000000e+00
3.142517016385681927e-06 1.000000000000000000e+00
1.358050326416559983e-06 1.000000000000000000e+00
1.003231387585401535e-02 9.899646043777465820e-01
8.224361636166577227e-09 1.000000000000000000e+00
9.999542236328125000e-01 4.641206760425120592e-05
1.000000000000000000e+00 1.862556510678028979e-19
1.000000000000000000e+00 6.381138263606420123e-25
1.000000000000000000e+00 3.771866045059379351e-19
1.000000000000000000e+00 3.428212205212998897e-18
1.000000000000000000e+00 5.959624290509954805e-15
1.000000000000000000e+00 1.118569200491609929e-20
1.000000000000000000e+00 2.909118721740875266e-26
1.000000000000000000e+00 1.206966414660739148e-23
1.000000000000000000e+00 3.217780972897112007e-18
1.000000000000000000e+00 4.847199898405651908e-12
1.000000000000000000e+00 1.038979320355792879e-07
9.999618530273437500e-01 3.549859320628456771e-05
1.000000000000000000e+00 2.776716009900148663e-11
1.000000000000000000e+00 9.069755920069785030e-21
1.000000000000000000e+00 8.837701017916906114e-24
1.000000000000000000e+00 2.766169163150065852e-23
1.000000000000000000e+00 1.080885256160735620e-25
1.000000000000000000e+00 2.285250663296683336e-25
1.000000000000000000e+00 2.257511600976459506e-21
1.000000000000000000e+00 4.762008048628772749e-14
1.000000000000000000e+00 6.896368217743632204e-17
1.000000000000000000e+00 4.976507879114493051e-23
1.000000000000000000e+00 7.761127897331238139e-26
1.000000000000000000e+00 6.763307445004100018e-27
1.000000000000000000e+00 1.387339697297795064e-24
1.000000000000000000e+00 4.280176596484187249e-16
6.373382806777954102e-01 3.626626431941986084e-01
9.993441104888916016e-01 6.552323466166853905e-04
1.000000000000000000e+00 4.372270956777931724e-19
1.000000000000000000e+00 8.025963910653486899e-26
1.000000000000000000e+00 1.196607117096389533e-28
1.000000000000000000e+00 4.249100658359827463e-25
1.000000000000000000e+00 1.214453509289409876e-22
1.000000000000000000e+00 2.702260724213312315e-12
9.999847412109375000e-01 8.000368325156159699e-06
9.999694824218750000e-01 2.420424425508826971e-05
9.790136218070983887e-01 2.098360843956470490e-02
3.509580194950103760e-01 6.490266323089599609e-01
1.000000000000000000e+00 5.139873792359139770e-06
9.780879020690917969e-01 2.191693522036075592e-02
6.798104301708463026e-10 1.000000000000000000e+00
9.191180579364299774e-04 9.990848898887634277e-01
4.157580807805061340e-02 9.584091901779174805e-01
1.000000000000000000e+00 4.101569004433258669e-07
1.000000000000000000e+00 4.234982498019235209e-06
6.126791238784790039e-01 3.873150348663330078e-01
2.003451118071097881e-05 9.999847412109375000e-01
1.000000000000000000e+00 7.359779018861756228e-13
1.000000000000000000e+00 1.176893942409208184e-25
1.000000000000000000e+00 6.401089223956408971e-30
1.000000000000000000e+00 8.077926521295925048e-28
1.000000000000000000e+00 4.887950795656489190e-22
1.000000000000000000e+00 9.952503471957135578e-24
1.000000000000000000e+00 3.566724536860526547e-24
1.000000000000000000e+00 1.866959317641059762e-27
1.000000000000000000e+00 1.003051826560942015e-24
1.000000000000000000e+00 2.894500424122695876e-23
1.000000000000000000e+00 1.381093654422436136e-23
1.000000000000000000e+00 2.648107204694751123e-25
1.000000000000000000e+00 3.738958150729120326e-20
1.000000000000000000e+00 1.283349015156749046e-16
1.000000000000000000e+00 4.538559111866291573e-11
9.999847412109375000e-01 8.224029443226754665e-06
1.000000000000000000e+00 4.509472968108017843e-14
1.000000000000000000e+00 7.206155810957071139e-11
1.000000000000000000e+00 7.828301622082103228e-25
1.000000000000000000e+00 7.663907194479813521e-30
1.000000000000000000e+00 1.346967717861482189e-29
1.000000000000000000e+00 3.040322005867475729e-26
1.000000000000000000e+00 6.899294173351377911e-23
1.000000000000000000e+00 1.016325187257281076e-15
1.000000000000000000e+00 1.966968660457605526e-17
1.000000000000000000e+00 1.071913960168012951e-24
1.000000000000000000e+00 9.906055489769142131e-26
1.000000000000000000e+00 3.108139576702469249e-25
1.000000000000000000e+00 4.912550634124901222e-22
1.000000000000000000e+00 1.560477019674674760e-16
1.000000000000000000e+00 6.278358976913485379e-15
1.000000000000000000e+00 3.157480488518973697e-19
1.000000000000000000e+00 5.715495949290408398e-19
1.000000000000000000e+00 2.736800774967882788e-16
9.999389648437500000e-01 6.327053415589034557e-05
2.252407819032669067e-01 7.747589945793151855e-01
3.534085154533386230e-01 6.465950012207031250e-01
9.993135929107666016e-01 6.801082054153084755e-04
1.000000000000000000e+00 1.349582511717128952e-11
1.000000000000000000e+00 1.242024792289273894e-16
1.000000000000000000e+00 8.964284184342499538e-31
1.000000000000000000e+00 2.064156830195657510e-34
1.000000000000000000e+00 7.805317754290513722e-31
1.000000000000000000e+00 9.214760476638312329e-29
1.000000000000000000e+00 6.096921855730573339e-32
1.000000000000000000e+00 1.419188773054735584e-24
1.000000000000000000e+00 7.211263378971433102e-13
1.000000000000000000e+00 6.638251903723357827e-08
1.000000000000000000e+00 3.207992449461016804e-08
1.000000000000000000e+00 2.181164446024948944e-20
1.000000000000000000e+00 3.287816698006981478e-30
1.000000000000000000e+00 9.722030412374081854e-31
1.000000000000000000e+00 4.550365815339937709e-33
1.000000000000000000e+00 6.164265809915905300e-27
1.000000000000000000e+00 2.258067995616964559e-24
1.000000000000000000e+00 5.409259210862557875e-19
1.000000000000000000e+00 2.981729027950984103e-21
1.000000000000000000e+00 3.418363947936307404e-19
1.000000000000000000e+00 4.119270723812852933e-15
1.000000000000000000e+00 1.177457281253003335e-14
1.000000000000000000e+00 3.722132550229096185e-15
1.000000000000000000e+00 8.089968004089479739e-17
1.000000000000000000e+00 1.491063860787266923e-16
1.000000000000000000e+00 1.301633834325427597e-19
1.000000000000000000e+00 1.673123792289565870e-11
9.999237060546875000e-01 7.364415068877860904e-05
9.999694824218750000e-01 2.870511889341287315e-05
1.000000000000000000e+00 1.140926315201795660e-06
1.000000000000000000e+00 2.902343350461716875e-13
1.000000000000000000e+00 1.166226394642997722e-17
1.000000000000000000e+00 4.332181724464589934e-09
3.247845161240547895e-04 9.996796250343322754e-01
3.390435665551194688e-08 1.000000000000000000e+00
5.536375524695102968e-11 1.000000000000000000e+00
6.752857757419405971e-07 1.000000000000000000e+00
4.080837965011596680e-02 9.591845870018005371e-01
1.000000000000000000e+00 6.733883496338131185e-19
1.000000000000000000e+00 3.252991818492865167e-26
1.000000000000000000e+00 3.519873015341657621e-26
1.000000000000000000e+00 2.542926323246823255e-22
1.000000000000000000e+00 4.066800911380341288e-19
1.000000000000000000e+00 1.054227311973342127e-20
1.000000000000000000e+00 1.544095141395895754e-20
1.000000000000000000e+00 1.269570577026703310e-21
1.000000000000000000e+00 1.974706279119273061e-23
1.000000000000000000e+00 3.651895624209486468e-22
1.000000000000000000e+00 8.928116184351067547e-22
1.000000000000000000e+00 9.852927137612897699e-24
1.000000000000000000e+00 1.029424656735109049e-21
1.000000000000000000e+00 7.465309680105225241e-27
1.000000000000000000e+00 9.137911047628445844e-32
1.000000000000000000e+00 1.190272283804657899e-24
1.000000000000000000e+00 2.954686630099766718e-31
1.000000000000000000e+00 5.666699876690542708e-24
1.000000000000000000e+00 1.057186016587167888e-30
1.000000000000000000e+00 1.087467240069999957e-29
1.000000000000000000e+00 1.845707499224972979e-28
1.000000000000000000e+00 1.112821860965491069e-23
1.000000000000000000e+00 1.618835022150846812e-26
1.000000000000000000e+00 1.991952171031791369e-27
1.000000000000000000e+00 1.363371103939071325e-28
1.000000000000000000e+00 6.010540874353335496e-29
1.000000000000000000e+00 3.888024723936263229e-25
1.000000000000000000e+00 1.904831662261873587e-23
1.000000000000000000e+00 9.659162496192164564e-21
1.000000000000000000e+00 1.760846046516384847e-18
1.000000000000000000e+00 1.331222208913541280e-17
1.000000000000000000e+00 3.727322277074344632e-28
1.000000000000000000e+00 1.081093931633174949e-28
1.000000000000000000e+00 2.590671983226278979e-27
1.000000000000000000e+00 1.661702680234404174e-23
1.000000000000000000e+00 2.737878465387178168e-22
1.000000000000000000e+00 2.162539488844220092e-13
1.000000000000000000e+00 9.705795185795874805e-17
1.000000000000000000e+00 1.090867800656609869e-18
1.000000000000000000e+00 2.651500311674880816e-20
1.000000000000000000e+00 1.409478857721769298e-22
1.000000000000000000e+00 4.039857669832669745e-23
1.000000000000000000e+00 9.995049927573761837e-22
1.000000000000000000e+00 1.177912559352841959e-19
1.000000000000000000e+00 5.385486830015268848e-16
1.000000000000000000e+00 1.574264598473606633e-16
1.000000000000000000e+00 3.275687552329095240e-29
1.000000000000000000e+00 1.292931269629750556e-23
1.000000000000000000e+00 8.663928170000393530e-15
1.000000000000000000e+00 1.118398017752042506e-06
1.000000000000000000e+00 5.770984898845199496e-06
1.000000000000000000e+00 6.222240621966259273e-20
1.000000000000000000e+00 8.657325332065946994e-29
1.000000000000000000e+00 2.292642894720606754e-28
1.000000000000000000e+00 3.128869639511392141e-28
1.000000000000000000e+00 7.618104115874740629e-33
1.000000000000000000e+00 7.779541514165682601e-32
1.000000000000000000e+00 2.109459510039134970e-33
1.000000000000000000e+00 6.791858834510149024e-32
1.000000000000000000e+00 8.534349943232157521e-17
1.000000000000000000e+00 4.567769231432483590e-13
1.000000000000000000e+00 3.446940510798413015e-09
1.000000000000000000e+00 9.650330881627589008e-12
1.000000000000000000e+00 5.345463221367863227e-12
1.000000000000000000e+00 6.418927889217940219e-11
1.000000000000000000e+00 9.178040272228571439e-12
1.000000000000000000e+00 2.188087506738156662e-07
9.998855590820312500e-01 1.116123166866600513e-04
9.952429533004760742e-01 4.754320718348026276e-03
1.000000000000000000e+00 1.120957276654066526e-12
1.000000000000000000e+00 1.000181361343610575e-11
1.000000000000000000e+00 5.380329789029919248e-17
1.000000000000000000e+00 1.282666712126557384e-19
1.000000000000000000e+00 5.122483033718359588e-17
1.000000000000000000e+00 3.295643626128396285e-20
1.000000000000000000e+00 2.266380191775213261e-30
1.000000000000000000e+00 2.950850156961846770e-28
1.000000000000000000e+00 2.940809754145835414e-24
1.000000000000000000e+00 2.450100011344462852e-24
1.000000000000000000e+00 1.667848306046909124e-25
1.000000000000000000e+00 4.884362025316948517e-26
9.999389648437500000e-01 6.619474152103066444e-05
9.999084472656250000e-01 9.330255124950781465e-05
4.445537924766540527e-01 5.554469227790832520e-01
6.814906861052349996e-09 1.000000000000000000e+00
9.573548595653846860e-05 9.999084472656250000e-01
1.000000000000000000e+00 6.748400852750946130e-15
1.000000000000000000e+00 5.545798812649389079e-20
1.000000000000000000e+00 9.357549341959316009e-22
1.000000000000000000e+00 1.307370751926137656e-20
1.000000000000000000e+00 4.311167003759604527e-22
1.000000000000000000e+00 3.752839701368414641e-24
1.000000000000000000e+00 3.728215455543595071e-22
1.000000000000000000e+00 2.092120769499523393e-15
1.000000000000000000e+00 7.496662419725907966e-07
1.000000000000000000e+00 3.378219370908652763e-10
1.000000000000000000e+00 2.168480022282648356e-12
1.000000000000000000e+00 1.597487558901988791e-10
1.000000000000000000e+00 2.432025691945227663e-09
1.000000000000000000e+00 1.891648969156126371e-27
1.000000000000000000e+00 4.724263654065771923e-37
1.000000000000000000e+00 3.318625088137248028e-40
1.000000000000000000e+00 7.006492321624085355e-45
1.000000000000000000e+00 5.434235444651640601e-42
1.000000000000000000e+00 1.843550418660846828e-32
1.000000000000000000e+00 6.928781162899815156e-23
1.000000000000000000e+00 6.539555138726504957e-14
1.000000000000000000e+00 2.198110637464164435e-14
1.000000000000000000e+00 6.016251101547157089e-22
1.000000000000000000e+00 2.319591247454622810e-18
1.000000000000000000e+00 6.801182393987562671e-20
1.000000000000000000e+00 3.364452330344128783e-21
1.000000000000000000e+00 1.841314998059999956e-25
1.000000000000000000e+00 4.830241668246437019e-25
1.000000000000000000e+00 1.089760688605290425e-27
1.000000000000000000e+00 5.369179063058814172e-31
1.000000000000000000e+00 5.719580528403338704e-32
1.000000000000000000e+00 8.740912045821845177e-30
1.000000000000000000e+00 2.464498903038508222e-31
1.000000000000000000e+00 1.003271736849415430e-28
1.000000000000000000e+00 1.196121864910575377e-23
1.000000000000000000e+00 6.753192589865632452e-22
1.000000000000000000e+00 7.757347330746773016e-24
1.000000000000000000e+00 3.721196234317810926e-22
1.000000000000000000e+00 1.982383094795649442e-22
1.000000000000000000e+00 3.078169025279892839e-25
1.000000000000000000e+00 4.017280470725244387e-24
1.000000000000000000e+00 1.097298768027691667e-19
1.000000000000000000e+00 1.722254658820759324e-19
1.000000000000000000e+00 3.228414844960575739e-19
1.000000000000000000e+00 9.360165139087801570e-20
1.000000000000000000e+00 4.952429072040600207e-19
1.000000000000000000e+00 2.521890156975771178e-19
1.000000000000000000e+00 1.046124650065912166e-17
1.000000000000000000e+00 1.340578531540189832e-17
1.000000000000000000e+00 8.439567178900749650e-22
1.000000000000000000e+00 1.035305872116269862e-18
1.000000000000000000e+00 4.704288911571014093e-20
1.000000000000000000e+00 8.196578350157764157e-17
1.000000000000000000e+00 5.488014559995848794e-18
1.000000000000000000e+00 3.439181616144920089e-22
1.000000000000000000e+00 1.298325483460256282e-20
1.000000000000000000e+00 2.160098949753955222e-13
1.000000000000000000e+00 1.841496746757265157e-11
1.000000000000000000e+00 3.018874393106589548e-17
1.000000000000000000e+00 1.461631451103650114e-18
1.000000000000000000e+00 3.223839822729879169e-17
1.000000000000000000e+00 2.471267592706684378e-16
1.000000000000000000e+00 4.347347367992637334e-16
1.000000000000000000e+00 4.245263244486379851e-24
1.000000000000000000e+00 3.225264282120719908e-26
1.000000000000000000e+00 7.421735136090450974e-24
1.000000000000000000e+00 2.363017379915798531e-23
1.000000000000000000e+00 7.771471589431915774e-25
1.000000000000000000e+00 1.113179041406157039e-22
1.000000000000000000e+00 8.105070512450500641e-25
1.000000000000000000e+00 1.032210011488512155e-26
1.000000000000000000e+00 5.173261069587558056e-26
1.000000000000000000e+00 4.058605540890926006e-25
1.000000000000000000e+00 8.931173146576543803e-24
1.000000000000000000e+00 2.293377231452092467e-21
1.000000000000000000e+00 2.283290798504008839e-17
1.000000000000000000e+00 2.658296542959459607e-12
1.000000000000000000e+00 1.675316951832428458e-08
4.969582557678222656e-01 5.030387639999389648e-01
1.591961881786119193e-05 9.999847412109375000e-01
9.999847412109375000e-01 9.779697393241804093e-06
1.000000000000000000e+00 2.911883581480090299e-11
1.000000000000000000e+00 1.078929921784438448e-15
1.000000000000000000e+00 1.569990620161172156e-21
1.000000000000000000e+00 8.303229413613624228e-25
1.000000000000000000e+00 8.609886091537029881e-17
1.000000000000000000e+00 1.458564291567654436e-08
9.996338486671447754e-01 3.701042733155190945e-04
1.000000000000000000e+00 7.517208383545082029e-11
1.000000000000000000e+00 9.676104861197263961e-18
1.000000000000000000e+00 2.693047184599105978e-22
1.000000000000000000e+00 8.254787240361038640e-24
1.000000000000000000e+00 1.683015611412077077e-24
1.000000000000000000e+00 1.274947724163363189e-14
1.000000000000000000e+00 3.606985044847521582e-13
1.000000000000000000e+00 7.242052416740404897e-14
1.000000000000000000e+00 2.460053546501333610e-18
1.000000000000000000e+00 2.939421950598325349e-22
1.000000000000000000e+00 1.697005270705266501e-24
1.000000000000000000e+00 4.510796523088068281e-22
1.000000000000000000e+00 4.635117871550827825e-21
1.000000000000000000e+00 2.314704855952986017e-24
1.000000000000000000e+00 5.808807350916931980e-25
1.000000000000000000e+00 7.261512540776385337e-18
1.000000000000000000e+00 4.204737737544048196e-20
1.000000000000000000e+00 1.492998934025048974e-16
1.000000000000000000e+00 9.021447441385694489e-21
1.000000000000000000e+00 5.619580662619058019e-23
1.000000000000000000e+00 2.381786905205903109e-23
1.000000000000000000e+00 1.543775547968553031e-22
1.000000000000000000e+00 1.956846190546030716e-21
1.000000000000000000e+00 4.110169990896496529e-21
1.000000000000000000e+00 3.735605807426293114e-21
1.000000000000000000e+00 2.072103897972426288e-24
1.000000000000000000e+00 3.027821950156424813e-26
1.000000000000000000e+00 3.382137284992486756e-26
1.000000000000000000e+00 6.591983650499211310e-27
1.000000000000000000e+00 5.516140941156068127e-25
1.000000000000000000e+00 1.219644087828019298e-22
1.000000000000000000e+00 1.407269952523841839e-23
1.000000000000000000e+00 1.051340581774901671e-26
1.000000000000000000e+00 1.198725500328257326e-23
1.000000000000000000e+00 4.478304036599611399e-23
1.000000000000000000e+00 4.774263822310637194e-23
1.000000000000000000e+00 1.070610860560200992e-23
1.000000000000000000e+00 1.819129182429938688e-23
1.000000000000000000e+00 1.347845533850086152e-23
1.000000000000000000e+00 2.437793781223015068e-24
1.000000000000000000e+00 8.637418503196927564e-25
1.000000000000000000e+00 9.281465411590304698e-23
1.000000000000000000e+00 4.953961941113237537e-18
1.000000000000000000e+00 5.180029582357859042e-13
1.000000000000000000e+00 3.570978419648734858e-13
9.999389648437500000e-01 5.754566154791973531e-05
5.204599350690841675e-02 9.479518532752990723e-01
1.000000000000000000e+00 2.147649666994766449e-07
1.000000000000000000e+00 2.971728034682241533e-19
1.000000000000000000e+00 2.638930780214767703e-25
1.000000000000000000e+00 9.616182054946943898e-29
1.000000000000000000e+00 1.229795795141008718e-30
1.000000000000000000e+00 1.680482774274523459e-30
1.000000000000000000e+00 1.024333360064845163e-19
1.000000000000000000e+00 1.563137423318816666e-12
1.000000000000000000e+00 8.774438120529026719e-11
1.000000000000000000e+00 1.549771595776849864e-13
1.000000000000000000e+00 4.460493118526448475e-13
1.000000000000000000e+00 3.541136514522857113e-27
1.000000000000000000e+00 7.622836112488523791e-27
1.000000000000000000e+00 1.094901480118611592e-29
1.000000000000000000e+00 5.234710690765426204e-30
1.000000000000000000e+00 9.773058884792796366e-36
1.000000000000000000e+00 5.924829318200981333e-30
1.000000000000000000e+00 1.216226108031500512e-27
1.000000000000000000e+00 7.701578913822762561e-27
1.000000000000000000e+00 5.900395088089222977e-25
1.000000000000000000e+00 2.065085508810007876e-27
1.000000000000000000e+00 2.447813136886778114e-30
1.000000000000000000e+00 4.604565080037908606e-26
1.000000000000000000e+00 2.573361618266644782e-23
1.000000000000000000e+00 2.620384117991149376e-24
1.000000000000000000e+00 2.873760127076122905e-24
1.000000000000000000e+00 6.648458572482532868e-25
1.000000000000000000e+00 5.619043552862820591e-31
1.000000000000000000e+00 6.840481982837562124e-32
1.000000000000000000e+00 2.147822201347888601e-29
1.000000000000000000e+00 3.400196344895016989e-26
1.000000000000000000e+00 1.868210814220905480e-22
1.000000000000000000e+00 1.683806247254334836e-23
1.000000000000000000e+00 2.432068940704110708e-19
1.000000000000000000e+00 1.440959380415337399e-18
1.000000000000000000e+00 3.131151006503984047e-20
1.000000000000000000e+00 1.683567814045731786e-24
1.000000000000000000e+00 1.201117005335261556e-12
1.000000000000000000e+00 1.424614020196048655e-15
1.000000000000000000e+00 4.410646381545341166e-13
1.000000000000000000e+00 1.298513298839468200e-13
1.000000000000000000e+00 3.720178242767325591e-20
1.000000000000000000e+00 2.591498950427305241e-22
1.000000000000000000e+00 5.524021839092929709e-23
1.000000000000000000e+00 2.023143803835425235e-19
1.000000000000000000e+00 4.077848218653716680e-18
1.000000000000000000e+00 2.414323486721798890e-17
1.000000000000000000e+00 2.579519313264457770e-19
1.000000000000000000e+00 3.211600486155268923e-18
1.000000000000000000e+00 3.374554528499072725e-14
1.000000000000000000e+00 2.204326565030667595e-12
1.000000000000000000e+00 2.524198027247653853e-13
1.000000000000000000e+00 2.581631274113150611e-15
1.000000000000000000e+00 2.360661540349704903e-19
1.000000000000000000e+00 3.502938965043306363e-20
1.000000000000000000e+00 5.020289091374407447e-22
5.346002578735351562e-01 4.653981328010559082e-01
6.714334449497982860e-05 9.999389648437500000e-01
5.327977123670279980e-04 9.994660615921020508e-01
4.614504778288619491e-09 1.000000000000000000e+00
6.583513459190726280e-05 9.999389648437500000e-01
1.000000000000000000e+00 2.409524995528045110e-06
1.000000000000000000e+00 3.231765549616127942e-12
1.000000000000000000e+00 8.651926222681057427e-18
1.000000000000000000e+00 2.196657540728224453e-24
1.000000000000000000e+00 6.943803658054687819e-25
1.000000000000000000e+00 1.475724367316353821e-22
1.000000000000000000e+00 4.628993697714123702e-18
1.000000000000000000e+00 6.598587300040380504e-16
1.000000000000000000e+00 1.325140885617506818e-19
1.000000000000000000e+00 4.389164683937366946e-27
1.000000000000000000e+00 1.651935286770250255e-26
1.000000000000000000e+00 3.371743364638859501e-25
1.000000000000000000e+00 1.318979772264510454e-24
1.000000000000000000e+00 4.274000219796012788e-20
1.000000000000000000e+00 5.102722411276516823e-11
1.000000000000000000e+00 3.629494074175454443e-07
1.000000000000000000e+00 1.562700958857021760e-06
9.999923706054687500e-01 5.512428742804331705e-06
1.000000000000000000e+00 3.552859784150541600e-09
1.000000000000000000e+00 1.768460883145864666e-24
1.000000000000000000e+00 5.682198626895419927e-24
1.000000000000000000e+00 2.685966621549331847e-23
1.000000000000000000e+00 7.351864154304102758e-21
1.000000000000000000e+00 3.657488130534749617e-21
1.000000000000000000e+00 3.932817297686298939e-19
1.000000000000000000e+00 3.735030956191647857e-16
1.000000000000000000e+00 1.425611406040933962e-19
1.000000000000000000e+00 1.317139458380242986e-24
1.000000000000000000e+00 1.513060163940028257e-24
1.000000000000000000e+00 5.347078286458145109e-18
1.000000000000000000e+00 8.318807136740470620e-15
1.000000000000000000e+00 9.530513314301436445e-13
1.000000000000000000e+00 3.268869264161367028e-08
4.117037653923034668e-01 5.882914066314697266e-01
9.957822561264038086e-01 4.221327602863311768e-03
1.000000000000000000e+00 2.352200453969999216e-06
1.000000000000000000e+00 1.413236105918258545e-08
1.123422771343030035e-05 9.999847412109375000e-01
6.447577050039399182e-08 1.000000000000000000e+00
1.218089240584419031e-10 1.000000000000000000e+00
8.839324294740436017e-08 1.000000000000000000e+00
1.423744112253189087e-01 8.576192855834960938e-01
7.297759652137756348e-01 2.702203691005706787e-01
9.999847412109375000e-01 1.037776200973894447e-05
1.000000000000000000e+00 1.058859597224959259e-10
1.000000000000000000e+00 8.344833071077806252e-16
1.000000000000000000e+00 6.338638182483956069e-16
1.000000000000000000e+00 9.569760867286221617e-18
1.000000000000000000e+00 1.196673721850992594e-16
1.000000000000000000e+00 5.361153426325224918e-17
1.000000000000000000e+00 6.080169896067833253e-19
1.000000000000000000e+00 3.603201247028182952e-14
1.000000000000000000e+00 7.680878354438642423e-16
1.000000000000000000e+00 6.320984030629706323e-17
1.000000000000000000e+00 2.424624340056029191e-24
1.000000000000000000e+00 8.097903000187584371e-32
1.000000000000000000e+00 2.719123289203457508e-29
1.000000000000000000e+00 4.657050214733558456e-25
1.000000000000000000e+00 7.775348073724153153e-12
1.000000000000000000e+00 5.251244439286040233e-10
1.000000000000000000e+00 5.037011252539969064e-09
1.000000000000000000e+00 2.178270313690083837e-13
1.000000000000000000e+00 9.186637707465179423e-16
1.000000000000000000e+00 2.225333230832623381e-17
1.000000000000000000e+00 1.795470579590604126e-28
1.000000000000000000e+00 1.543971091872852545e-28
1.000000000000000000e+00 1.813478554201359487e-27
1.000000000000000000e+00 6.579365487134320847e-29
1.000000000000000000e+00 1.335191107641384958e-29
1.000000000000000000e+00 3.056076228368359981e-27
1.000000000000000000e+00 1.335727763482419881e-19
9.999847412109375000e-01 1.206618344440357760e-05
4.926027031615376472e-06 1.000000000000000000e+00
1.171784901998762507e-06 1.000000000000000000e+00
7.055122256278991699e-01 2.944919466972351074e-01
9.980183243751525879e-01 1.982969464734196663e-03
9.999694824218750000e-01 3.413449667277745903e-05
1.000000000000000000e+00 2.402806686258029956e-13
1.000000000000000000e+00 8.829400304646147174e-19
1.000000000000000000e+00 1.043144202954602651e-24
1.000000000000000000e+00 1.652651731970005208e-21
1.000000000000000000e+00 1.424667313433882358e-24
1.000000000000000000e+00 1.488141555760208959e-18
1.000000000000000000e+00 3.833568200661829906e-07
9.997863769531250000e-01 2.211865939898416400e-04
1.000000000000000000e+00 1.402108429360282571e-10
1.639452165136390249e-07 1.000000000000000000e+00
1.589820312801748514e-04 9.998474121093750000e-01
1.593958987999995972e-15 1.000000000000000000e+00
1.644829390263059531e-19 1.000000000000000000e+00
5.475593202327446254e-18 1.000000000000000000e+00
3.138635520372190513e-06 1.000000000000000000e+00
1.000000000000000000e+00 5.364822186493256595e-07
1.000000000000000000e+00 1.715159421280277915e-28
1.000000000000000000e+00 4.300889299750389113e-27
1.000000000000000000e+00 6.149536682887220598e-28
1.000000000000000000e+00 2.071883642429384054e-08
1.000000000000000000e+00 1.664291744418733288e-07
1.000000000000000000e+00 4.021028573043122778e-13
1.000000000000000000e+00 3.699012319403924577e-18
1.000000000000000000e+00 7.102556861377249929e-19
1.000000000000000000e+00 1.094260481938996112e-18
1.000000000000000000e+00 9.700033619505380373e-22
1.000000000000000000e+00 3.518802420159707911e-24
1.000000000000000000e+00 9.903992786134931545e-23
1.000000000000000000e+00 5.428744354920039422e-22
1.000000000000000000e+00 3.035728816210994914e-21
1.000000000000000000e+00 4.840011155515066337e-20
1.000000000000000000e+00 2.743915514648719296e-19
1.000000000000000000e+00 9.621766823921378585e-20
1.000000000000000000e+00 9.951963805219410820e-18
1.000000000000000000e+00 1.108121163188521829e-13
8.896880899555981159e-05 9.999084472656250000e-01
9.971359946504138039e-15 1.000000000000000000e+00
5.314371264830697328e-06 1.000000000000000000e+00
9.607079029083251953e-01 3.929957002401351929e-02
1.000000000000000000e+00 4.921375112987291800e-11
1.000000000000000000e+00 7.687503210877355119e-16
1.000000000000000000e+00 5.509243338616041905e-25
1.000000000000000000e+00 1.027608907073472717e-27
1.000000000000000000e+00 6.013685917952519852e-28
1.000000000000000000e+00 3.377893536878628369e-27
1.000000000000000000e+00 1.097617211664627052e-26
1.000000000000000000e+00 1.435667272726679195e-22
1.000000000000000000e+00 9.062615275677102776e-17
1.000000000000000000e+00 1.158287485700628186e-14
1.000000000000000000e+00 6.310037995588269055e-12
1.000000000000000000e+00 7.334929330582440343e-10
1.000000000000000000e+00 4.683740950639503353e-09
1.000000000000000000e+00 4.264102265727487406e-11
1.000000000000000000e+00 1.397507165938898128e-15
1.000000000000000000e+00 2.465187749029970621e-14
1.000000000000000000e+00 1.588630456718458400e-21
1.000000000000000000e+00 1.768298969445068053e-24
1.000000000000000000e+00 1.901757674692429431e-26
1.000000000000000000e+00 6.152908063622362089e-23
1.000000000000000000e+00 8.440449123878173803e-19
1.000000000000000000e+00 3.390140951168088557e-14
1.000000000000000000e+00 2.864268371094436105e-11
1.000000000000000000e+00 5.561263858929862912e-20
1.000000000000000000e+00 1.024260943643487833e-23
1.000000000000000000e+00 5.400441571808083751e-24
1.000000000000000000e+00 1.759265985531040672e-28
1.000000000000000000e+00 1.062853063832222597e-34
1.000000000000000000e+00 7.991878581918557656e-31
1.000000000000000000e+00 3.497814184130623977e-26
9.648212790489196777e-01 3.517150878906250000e-02
1.767625334991862474e-08 1.000000000000000000e+00
7.934728568637083868e-11 1.000000000000000000e+00
9.932934641838073730e-01 6.710859015583992004e-03
1.000000000000000000e+00 7.408011190343201857e-18
1.000000000000000000e+00 1.428769038782384434e-19
1.000000000000000000e+00 2.445752215862739831e-06
5.142540885572088882e-06 1.000000000000000000e+00
5.550840342927187976e-11 1.000000000000000000e+00
3.012296900806177291e-08 1.000000000000000000e+00
1.809967216104269028e-05 9.999847412109375000e-01
1.428756064569824957e-07 1.000000000000000000e+00
9.080074474428212472e-13 1.000000000000000000e+00
1.632948740419234990e-14 1.000000000000000000e+00
1.604341193228719931e-08 1.000000000000000000e+00
1.000000000000000000e+00 1.209055085382715333e-06
1.000000000000000000e+00 1.552972397759252304e-14
1.000000000000000000e+00 1.962870052325155956e-23
1.000000000000000000e+00 8.080963317617399131e-24
1.000000000000000000e+00 1.784169024272776877e-15
9.994050860404968262e-01 5.995983956381678581e-04
6.879443302750587463e-03 9.931267499923706055e-01
9.744659473653882742e-05 9.999084472656250000e-01
6.540423669321171474e-08 1.000000000000000000e+00
1.301477237092285577e-08 1.000000000000000000e+00
9.574590921401977539e-01 4.254746437072753906e-02
9.999542236328125000e-01 4.872559657087549567e-05
1.531839370727539062e-05 9.999847412109375000e-01
1.373810545736732221e-16 1.000000000000000000e+00
3.002456651302054524e-06 1.000000000000000000e+00
9.966486692428588867e-01 3.354666288942098618e-03
1.000000000000000000e+00 1.622656731203875324e-10
1.000000000000000000e+00 2.693915703643550700e-18
1.000000000000000000e+00 4.574754538506735618e-16
1.000000000000000000e+00 1.279562393541322507e-13
1.000000000000000000e+00 8.659112923220524394e-13
1.000000000000000000e+00 2.956965760843397600e-15
1.000000000000000000e+00 4.542674626761313006e-14
1.000000000000000000e+00 1.946070388170184629e-10
1.000000000000000000e+00 8.802321935577617218e-13
9.999542236328125000e-01 4.289991920813918114e-05
7.885447121225297451e-05 9.999237060546875000e-01
2.031412906944751740e-02 9.796860814094543457e-01
9.999542236328125000e-01 4.512160739977844059e-05
1.000000000000000000e+00 8.124791646133472161e-17
1.000000000000000000e+00 2.908605365114198848e-28
1.000000000000000000e+00 6.811310093309985239e-27
1.000000000000000000e+00 2.091115341391132539e-15
1.000000000000000000e+00 2.378973107397541753e-07
6.138636308605782688e-06 1.000000000000000000e+00
9.999847412109375000e-01 1.995305501623079181e-05
1.000000000000000000e+00 6.672674095563161951e-17
1.000000000000000000e+00 7.663495917763905064e-23
1.000000000000000000e+00 6.961194435673955237e-27
1.000000000000000000e+00 1.661365459660909367e-17
1.000000000000000000e+00 5.189406679571740683e-27
1.000000000000000000e+00 3.343316815561761896e-21
1.000000000000000000e+00 1.682311134957887557e-22
1.000000000000000000e+00 1.433278207096564126e-19
1.000000000000000000e+00 6.659086910359990341e-12
9.999008178710937500e-01 9.597242751624435186e-05
2.852637469768524170e-01 7.147386670112609863e-01
3.485803902149200439e-01 6.514177322387695312e-01
9.998016357421875000e-01 2.008341689361259341e-04
1.000000000000000000e+00 3.344743788602499990e-07
1.000000000000000000e+00 2.911296907466108129e-17
1.000000000000000000e+00 1.101148130556389609e-19
1.000000000000000000e+00 2.119573417719560128e-19
1.000000000000000000e+00 3.502910369151036463e-21
1.000000000000000000e+00 1.238648138309802462e-21
1.000000000000000000e+00 3.411382634710413697e-11
4.598217010498046875e-01 5.401679277420043945e-01
4.072464208308007594e-13 1.000000000000000000e+00
1.919345371425151825e-02 9.808079004287719727e-01
1.000000000000000000e+00 7.638660008886001551e-15
1.000000000000000000e+00 8.446833232866879371e-10
9.895332157611846924e-03 9.901006221771240234e-01
2.231628510457328574e-13 1.000000000000000000e+00
8.814400211418110570e-17 1.000000000000000000e+00
5.409187553033273019e-15 1.000000000000000000e+00
1.013895477991466620e-11 1.000000000000000000e+00
7.367370602473499730e-11 1.000000000000000000e+00
1.891482497740071267e-05 9.999847412109375000e-01
1.000000000000000000e+00 8.879986239662684966e-07
1.000000000000000000e+00 1.350124195809051771e-17
1.000000000000000000e+00 1.294629056069967218e-23
1.000000000000000000e+00 6.005262016701938724e-24
1.000000000000000000e+00 5.561669823664867452e-19
1.000000000000000000e+00 4.579947532334927018e-13
1.000000000000000000e+00 8.620260755209940839e-12
1.000000000000000000e+00 6.022618029467632084e-20
1.000000000000000000e+00 2.873615521841867506e-18
1.000000000000000000e+00 8.681403414811939001e-06
1.000000000000000000e+00 2.358313024031222227e-11
1.000000000000000000e+00 2.524944169835862897e-17
1.000000000000000000e+00 4.303177073412727823e-24
1.000000000000000000e+00 3.995038528258074226e-27
1.000000000000000000e+00 2.241770103697440092e-16
9.997863769531250000e-01 2.193146647186949849e-04
1.750548506151972106e-07 1.000000000000000000e+00
5.843836069107055664e-02 9.415656328201293945e-01
1.000000000000000000e+00 1.727269577367351872e-10
1.000000000000000000e+00 1.594751213680398183e-13
1.000000000000000000e+00 6.662557451678511808e-15
1.000000000000000000e+00 1.621601378838048030e-14
1.000000000000000000e+00 7.896545118908204069e-15
1.000000000000000000e+00 9.139296845265469931e-34
1.000000000000000000e+00 3.082376584748799014e-32
1.000000000000000000e+00 1.134594551650549641e-35
1.000000000000000000e+00 4.116145858930676876e-37
1.000000000000000000e+00 1.449602051958784396e-36
1.000000000000000000e+00 6.521644667263529550e-36
1.000000000000000000e+00 9.640958043012522470e-25
1.000000000000000000e+00 8.270170293150891881e-16
1.000000000000000000e+00 2.397522522038560838e-14
1.000000000000000000e+00 6.456312764076851778e-16
1.000000000000000000e+00 4.215683507880244821e-16
1.000000000000000000e+00 2.877448213579295207e-15
1.000000000000000000e+00 1.345985248721632437e-16
1.000000000000000000e+00 1.875170803054430685e-16
1.000000000000000000e+00 1.100165595085041465e-19
1.000000000000000000e+00 5.005130299830002137e-20
1.000000000000000000e+00 4.433907126004388299e-14
9.994203448295593262e-01 5.814211908727884293e-04
9.999084472656250000e-01 9.917164425132796168e-05
1.000000000000000000e+00 3.708287010795174865e-07
1.000000000000000000e+00 2.638509188912507852e-09
1.000000000000000000e+00 1.068842861440266745e-10
1.000000000000000000e+00 2.047263861259043805e-13
1.000000000000000000e+00 4.468075015323823389e-19
8.917421698570251465e-01 1.082582101225852966e-01
8.019965486285896190e-26 1.000000000000000000e+00
9.958883778958563121e-24 1.000000000000000000e+00
1.374580033131067580e-10 1.000000000000000000e+00
1.000000000000000000e+00 1.967347316167433746e-06
1.000000000000000000e+00 9.561810834418974468e-17
1.000000000000000000e+00 4.050084728573986859e-17
1.000000000000000000e+00 9.000826895002255878e-20
1.000000000000000000e+00 5.557408352951931363e-11
1.000000000000000000e+00 7.311712477791003481e-18
1.000000000000000000e+00 3.602134011736267951e-19
1.000000000000000000e+00 9.169253792415123453e-20
1.000000000000000000e+00 8.532964977930453794e-21
1.000000000000000000e+00 9.864874301221918439e-19
1.000000000000000000e+00 5.106076894634270502e-09
9.897078871726989746e-01 1.029155869036912918e-02
1.000000000000000000e+00 9.574113946086981741e-09
1.000000000000000000e+00 4.942095799265189271e-08
9.944611787796020508e-01 5.540285725146532059e-03
1.000000000000000000e+00 1.361847807856975123e-06
1.000000000000000000e+00 1.727424537649215747e-21
1.000000000000000000e+00 6.481064812557166325e-38
1.000000000000000000e+00 2.352850865974433535e-25
2.249243516416754574e-05 9.999694824218750000e-01
2.496219371335673526e-27 1.000000000000000000e+00
1.590440220386449374e-25 1.000000000000000000e+00
1.220916774670678888e-19 1.000000000000000000e+00
1.174537737824721262e-05 9.999847412109375000e-01
5.873624701052904129e-03 9.941273927688598633e-01
1.000000000000000000e+00 5.495435941733613303e-16
1.000000000000000000e+00 1.271700725112866672e-25
1.000000000000000000e+00 4.008423140481422867e-21
1.000000000000000000e+00 8.741010049106989754e-08
1.000000000000000000e+00 9.979619335354072973e-07
1.000000000000000000e+00 3.161654038639367655e-17
1.000000000000000000e+00 4.059251728905866812e-27
1.000000000000000000e+00 2.304663616561155068e-29
1.000000000000000000e+00 5.533231172209007699e-33
1.000000000000000000e+00 3.432651802000045233e-31
1.000000000000000000e+00 3.924916753484137189e-20
1.000000000000000000e+00 2.005588140008285336e-09
9.999694824218750000e-01 2.987685365951620042e-05
1.000000000000000000e+00 5.318857767416806936e-12
1.000000000000000000e+00 1.709679251687965854e-20
1.000000000000000000e+00 3.877754016876758092e-28
1.000000000000000000e+00 5.861961610564847547e-11
1.284897876985269249e-07 1.000000000000000000e+00
8.322162895989034946e-17 1.000000000000000000e+00
4.055465042150276772e-17 1.000000000000000000e+00
7.414196860622279672e-12 1.000000000000000000e+00
1.000000000000000000e+00 2.163467993078087128e-24
1.000000000000000000e+00 2.480199323524909461e-18
1.000000000000000000e+00 1.178180647389958507e-14
1.000000000000000000e+00 4.372923809076389201e-18
1.000000000000000000e+00 5.560566571522874852e-19
1.000000000000000000e+00 1.250843006010111027e-19
1.000000000000000000e+00 1.516153602304901028e-21
1.000000000000000000e+00 9.796559081630330301e-24
1.000000000000000000e+00 8.866615830873568455e-22
8.900055756464711650e-16 1.000000000000000000e+00
1.000000000000000000e+00 2.245707218715396487e-16
1.000000000000000000e+00 3.864289778333284784e-19
1.000000000000000000e+00 3.706074373883596051e-18
1.000000000000000000e+00 1.816816524731143623e-19
1.000000000000000000e+00 4.773498942776934901e-23
1.000000000000000000e+00 1.773104254118071239e-21
1.000000000000000000e+00 8.027311137168184659e-26
1.000000000000000000e+00 1.705603558749336071e-25
1.000000000000000000e+00 6.158037737661745857e-27
1.000000000000000000e+00 2.139061179012421362e-25
1.000000000000000000e+00 4.991898711914940871e-27
1.000000000000000000e+00 5.808242945393934408e-21
1.000000000000000000e+00 8.936503101059887674e-21
1.000000000000000000e+00 1.971876003963521115e-23
1.000000000000000000e+00 1.104517389056508676e-20
1.000000000000000000e+00 1.896468589347230308e-19
1.000000000000000000e+00 5.312160691254945444e-14
1.000000000000000000e+00 1.511740866765986374e-14
1.000000000000000000e+00 1.061643567517754280e-15
1.000000000000000000e+00 3.545310645686481648e-21
1.000000000000000000e+00 1.948173925800318661e-16
1.000000000000000000e+00 5.622624291510950906e-16
1.000000000000000000e+00 1.972961470258217986e-21
1.000000000000000000e+00 1.133443830454002698e-20
1.000000000000000000e+00 1.497843269792281980e-22
1.000000000000000000e+00 2.113878137467894284e-29
1.000000000000000000e+00 7.560532152398444110e-30
1.000000000000000000e+00 1.275768338459219091e-24
1.000000000000000000e+00 4.476190949602675705e-21
1.000000000000000000e+00 3.923089609246532827e-13
1.000000000000000000e+00 1.769180982269524804e-11
1.000000000000000000e+00 6.061001164104289725e-17
1.000000000000000000e+00 4.335187415941413802e-18
1.000000000000000000e+00 1.320766108303472851e-18
1.000000000000000000e+00 4.716240055835271450e-19
1.000000000000000000e+00 1.254402192933690512e-20
1.000000000000000000e+00 6.377750706373199187e-19
1.000000000000000000e+00 1.141500139718995208e-15
1.000000000000000000e+00 7.793862491086117443e-16
1.000000000000000000e+00 1.708025187730892435e-18
1.000000000000000000e+00 2.183885862162312736e-21
1.000000000000000000e+00 4.668260480399382688e-23
1.000000000000000000e+00 5.003673070634118494e-15
1.000000000000000000e+00 2.073926425559535769e-13
1.000000000000000000e+00 5.288457227692333618e-09
9.933389425277709961e-01 6.650511641055345535e-03
1.456634146634883109e-09 1.000000000000000000e+00
8.238602578754515372e-20 1.000000000000000000e+00
8.204715847969055176e-01 1.795337647199630737e-01
9.997711181640625000e-01 2.347165427636355162e-04
1.000000000000000000e+00 7.569743956992169842e-06
8.366795182228088379e-01 1.633252352476119995e-01
1.946235299110412598e-01 8.053637742996215820e-01
9.877465963363647461e-01 1.224374026060104370e-02
9.939605593681335449e-01 6.034790072590112686e-03
3.526220917701721191e-01 6.473748683929443359e-01
1.000000000000000000e+00 2.560904589652074695e-16
1.000000000000000000e+00 3.467648261444108268e-23
1.000000000000000000e+00 7.669336781956819850e-25
1.000000000000000000e+00 2.684438245406456258e-32
1.000000000000000000e+00 8.454652000257958644e-36
1.000000000000000000e+00 1.058389012824519082e-14
1.000000000000000000e+00 4.832008404509480215e-11
1.000000000000000000e+00 4.443809586973657133e-08
1.000000000000000000e+00 4.156659092285625221e-18
1.000000000000000000e+00 2.534067842899268705e-28
1.000000000000000000e+00 1.539399072423012903e-31
1.000000000000000000e+00 1.079767110275157299e-35
1.000000000000000000e+00 4.158881380793990869e-32
1.000000000000000000e+00 2.144292596182425954e-30
1.000000000000000000e+00 7.429214575163000202e-31
1.000000000000000000e+00 1.527848344813073955e-19
1.000000000000000000e+00 1.592945084107910411e-21
1.000000000000000000e+00 1.508419785079369864e-18
1.000000000000000000e+00 5.424388715979944209e-10
1.000000000000000000e+00 2.188083048082489768e-11
1.000000000000000000e+00 2.769975655098066980e-12
1.000000000000000000e+00 4.480246357652081777e-18
1.000000000000000000e+00 6.160199086946427371e-12
1.000000000000000000e+00 6.047005118858805872e-10
1.000000000000000000e+00 1.415573404615943012e-14
1.000000000000000000e+00 5.068822016849119927e-14
1.000000000000000000e+00 1.189420239085233211e-22
1.000000000000000000e+00 2.148561860761561595e-27
1.000000000000000000e+00 3.126527964486588001e-30
1.000000000000000000e+00 1.366671109667140401e-30
1.000000000000000000e+00 8.441621780147684199e-31
1.000000000000000000e+00 1.122158354119828853e-29
1.000000000000000000e+00 9.671068650949549635e-29
1.000000000000000000e+00 4.683162126993956151e-27
1.000000000000000000e+00 3.399536659963025918e-25
1.000000000000000000e+00 1.659026483788286282e-27
1.000000000000000000e+00 9.972277473867529492e-29
1.000000000000000000e+00 6.985980455908614122e-29
1.000000000000000000e+00 1.181502770766289587e-28
1.000000000000000000e+00 1.102521166156008952e-29
1.000000000000000000e+00 4.006953543681927042e-37
1.000000000000000000e+00 2.151301428400745664e-40
1.000000000000000000e+00 1.801593383643844315e-40
1.000000000000000000e+00 1.016138829589115743e-38
1.000000000000000000e+00 2.863315688850042994e-35
1.000000000000000000e+00 4.759229582931260154e-29
1.000000000000000000e+00 1.103664077937652069e-17
1.000000000000000000e+00 3.620471520242014599e-18
1.000000000000000000e+00 3.358449464886856906e-22
1.000000000000000000e+00 7.897412739912384546e-24
1.000000000000000000e+00 1.245564037689664380e-24
1.000000000000000000e+00 1.929250220494265831e-22
1.000000000000000000e+00 1.823764623772325980e-22
1.000000000000000000e+00 6.263645202053666842e-23
1.000000000000000000e+00 4.450054485821540043e-22
1.000000000000000000e+00 8.837921428178179762e-20
1.000000000000000000e+00 2.212368865281231578e-22
1.000000000000000000e+00 1.154573387758813357e-21
1.000000000000000000e+00 6.977596754190395420e-20
1.000000000000000000e+00 1.067778915013570346e-18
1.000000000000000000e+00 2.717175171928348787e-13
1.000000000000000000e+00 2.439395595786077175e-15
1.000000000000000000e+00 8.488420063417281836e-14
1.000000000000000000e+00 1.366884913192405442e-15
1.000000000000000000e+00 1.388528479127526920e-20
1.000000000000000000e+00 8.605460209647659195e-23
1.000000000000000000e+00 1.744294551234086663e-16
1.000000000000000000e+00 3.785104496500935056e-08
1.000000000000000000e+00 4.716125090453715529e-07
1.000000000000000000e+00 1.082243805683447135e-08
1.000000000000000000e+00 4.568415958028371193e-12
1.000000000000000000e+00 7.713419475623845001e-14
1.000000000000000000e+00 1.426222826930460190e-16
1.000000000000000000e+00 3.331109964243887682e-20
1.000000000000000000e+00 1.050225987318830245e-19
1.000000000000000000e+00 3.165240642238168011e-23
1.000000000000000000e+00 2.527428372749688704e-26
1.000000000000000000e+00 4.774069775932425238e-28
1.000000000000000000e+00 4.176422745389634602e-22
1.000000000000000000e+00 2.786518482745982650e-20
1.000000000000000000e+00 3.910795423334664537e-19
1.000000000000000000e+00 2.823928157286159646e-13
1.000000000000000000e+00 3.365574366917727153e-18
1.000000000000000000e+00 1.621640674259842515e-19
1.000000000000000000e+00 3.093070053869789099e-18
1.000000000000000000e+00 3.383987984723609524e-23
1.000000000000000000e+00 1.149895751403752652e-30
1.000000000000000000e+00 8.920909813517609736e-27
1.000000000000000000e+00 1.422644771084669024e-12
1.000000000000000000e+00 3.665392438894667093e-14
9.999542236328125000e-01 4.267402255209162831e-05
1.000000000000000000e+00 3.145152405181761424e-08
1.000000000000000000e+00 7.811424131060659259e-16
1.000000000000000000e+00 5.072735771293961089e-19
1.000000000000000000e+00 2.028573488260108808e-22
1.000000000000000000e+00 6.389741847849503200e-31
1.000000000000000000e+00 2.788041909384117095e-33
1.000000000000000000e+00 2.868634306129223076e-24
1.000000000000000000e+00 4.085263727409132063e-16
1.000000000000000000e+00 1.007072637088102240e-11
1.000000000000000000e+00 7.030262483276317198e-11
1.000000000000000000e+00 6.329662488591125680e-12
1.000000000000000000e+00 7.114848455087058213e-17
1.000000000000000000e+00 5.033479413689554524e-23
1.000000000000000000e+00 5.771195942070191427e-24
1.000000000000000000e+00 2.627402061262267063e-23
1.000000000000000000e+00 2.504508102643687728e-12
1.000000000000000000e+00 2.987634494522870866e-16
1.000000000000000000e+00 7.725031468826599925e-19
1.000000000000000000e+00 2.123677862069654109e-18
1.000000000000000000e+00 6.860331623898786163e-20
1.000000000000000000e+00 4.092416626999577173e-19
1.000000000000000000e+00 9.845442794657282128e-18
1.000000000000000000e+00 1.216686417921717851e-18
1.000000000000000000e+00 8.468220989161605723e-18
1.000000000000000000e+00 2.512566022014708596e-19
1.000000000000000000e+00 4.313412713496567901e-18
1.000000000000000000e+00 2.327276789321006128e-17
1.000000000000000000e+00 2.761002888551102302e-16
1.000000000000000000e+00 1.627516871272050025e-10
1.000000000000000000e+00 3.780784019191685275e-11
1.000000000000000000e+00 7.366039066680415970e-14
1.000000000000000000e+00 4.245669268306435104e-16
1.000000000000000000e+00 3.473851481920305923e-19
1.000000000000000000e+00 3.571675929112358358e-19
1.000000000000000000e+00 5.752506077847562239e-19
1.000000000000000000e+00 3.870663204953005862e-19
1.000000000000000000e+00 1.302507931588348867e-19
1.000000000000000000e+00 4.788463780056690524e-19
1.000000000000000000e+00 1.640725566298424965e-18
1.000000000000000000e+00 6.050421193197491479e-17
1.000000000000000000e+00 3.471389172031888698e-18
1.000000000000000000e+00 1.646183526931074319e-21
1.000000000000000000e+00 1.526645117867316671e-23
1.000000000000000000e+00 1.514525825566083176e-18
1.000000000000000000e+00 2.027909768278005065e-13
1.000000000000000000e+00 1.124052907120824995e-20
1.000000000000000000e+00 3.461013941231199559e-23
1.000000000000000000e+00 6.120642587636600658e-25
1.000000000000000000e+00 1.226001391645450597e-23
1.000000000000000000e+00 6.130750084132632902e-21
1.000000000000000000e+00 3.170881734680764210e-17
9.999847412109375000e-01 1.360306487185880542e-05
1.000000000000000000e+00 3.485390642765651137e-09
1.000000000000000000e+00 1.593317838777252859e-11
1.000000000000000000e+00 9.300105182288181428e-16
1.000000000000000000e+00 3.236563035809159050e-13
1.000000000000000000e+00 5.368473027234088590e-12
1.000000000000000000e+00 1.746086211205986720e-15
1.000000000000000000e+00 4.974196239366374117e-14
1.000000000000000000e+00 5.454803275739550372e-12
1.000000000000000000e+00 5.899302585061355630e-14
1.000000000000000000e+00 6.929338101712778988e-15
1.000000000000000000e+00 4.247099091685135885e-14
1.000000000000000000e+00 2.492464095903355713e-17
1.000000000000000000e+00 2.134112280207915992e-19
1.000000000000000000e+00 1.563787048294772880e-20
1.000000000000000000e+00 1.144592492394016412e-21
1.000000000000000000e+00 6.566496398042467268e-16
1.000000000000000000e+00 1.831089752641438802e-16
1.000000000000000000e+00 1.243025508776895646e-15
1.000000000000000000e+00 6.672891406100944778e-13
1.000000000000000000e+00 8.816868269550040549e-14
1.000000000000000000e+00 3.031535682783469219e-16
1.000000000000000000e+00 5.331209550189351257e-19
1.000000000000000000e+00 1.282151154038325237e-22
1.000000000000000000e+00 4.795437164551131239e-23
1.000000000000000000e+00 2.470185774720755845e-22
1.000000000000000000e+00 1.615799098924598891e-19
1.000000000000000000e+00 6.307928473585659376e-17
1.000000000000000000e+00 3.270598936550460483e-18
1.000000000000000000e+00 7.343598972085821441e-20
1.000000000000000000e+00 3.742803418501740319e-24
1.000000000000000000e+00 3.980998884149480154e-26
1.000000000000000000e+00 4.647482194769842668e-26
1.000000000000000000e+00 1.029312611665296888e-25
1.000000000000000000e+00 2.882433652729027930e-24
1.000000000000000000e+00 3.821784961193373242e-22
1.000000000000000000e+00 1.526069344069813959e-22
1.000000000000000000e+00 1.151622416884562596e-20
1.000000000000000000e+00 4.007860599455826688e-27
1.000000000000000000e+00 1.776141035703870131e-24
1.000000000000000000e+00 9.729361437370418680e-19
1.000000000000000000e+00 9.791059805284983323e-18
1.050641657693541646e-21 1.000000000000000000e+00
1.739828392466336027e-09 1.000000000000000000e+00
1.000000000000000000e+00 1.724074171188111348e-13
1.000000000000000000e+00 1.613940382729161610e-17
1.000000000000000000e+00 7.326709924041079915e-17
1.000000000000000000e+00 7.263705231144140903e-17
1.000000000000000000e+00 1.129809353711541675e-12
1.000000000000000000e+00 4.433491421207413907e-11
1.000000000000000000e+00 1.071408632924431004e-06
9.885155558586120605e-01 1.148596964776515961e-02
1.218031006459431576e-14 1.000000000000000000e+00
2.582725358024617890e-07 1.000000000000000000e+00
6.298478692770004272e-02 9.370222687721252441e-01
2.189747542142868042e-01 7.810261845588684082e-01
1.000000000000000000e+00 1.544173677814342227e-10
9.952657818794250488e-01 4.741678480058908463e-03
6.620751946684322320e-08 1.000000000000000000e+00
2.166639534451064719e-09 1.000000000000000000e+00
6.578219472430646420e-04 9.993441104888916016e-01
1.000000000000000000e+00 8.084139579978000256e-09
1.000000000000000000e+00 1.792787638807451182e-28
1.000000000000000000e+00 2.847809978426393844e-31
1.000000000000000000e+00 3.883286401105287332e-30
1.000000000000000000e+00 9.458493529558770913e-24
1.000000000000000000e+00 2.620543418462086433e-17
1.000000000000000000e+00 4.200827952056542671e-19
1.000000000000000000e+00 1.861659633636519823e-21
1.000000000000000000e+00 1.880694993117745621e-15
1.000000000000000000e+00 6.060181653375074085e-13
1.000000000000000000e+00 2.496218292832863561e-13
1.000000000000000000e+00 7.440864322731970457e-18
1.000000000000000000e+00 2.347292601340052862e-25
1.000000000000000000e+00 1.306690334922082359e-31
1.000000000000000000e+00 1.713243017660118355e-36
1.000000000000000000e+00 8.592323711793512695e-34
1.000000000000000000e+00 5.706191072127981817e-20
1.000000000000000000e+00 1.926150385023195355e-11
1.000000000000000000e+00 2.017706002277463995e-08
1.000000000000000000e+00 5.420924935606308281e-06
9.999542236328125000e-01 5.145899194758385420e-05
1.000000000000000000e+00 1.259831735461736102e-11
1.000000000000000000e+00 3.088327284580745603e-20
1.000000000000000000e+00 6.739974662815463350e-34
1.000000000000000000e+00 9.081566297315671916e-35
1.000000000000000000e+00 1.165845973690290273e-36
1.000000000000000000e+00 1.806792200946489387e-37
1.000000000000000000e+00 2.827831959543095396e-27
1.000000000000000000e+00 2.365830198414187180e-09
6.155534304497223275e-09 1.000000000000000000e+00
7.576134164466452603e-12 1.000000000000000000e+00
4.496833571465685964e-05 9.999694824218750000e-01
3.822306990623474121e-01 6.177765727043151855e-01
9.985666871070861816e-01 1.424948801286518574e-03
9.999389648437500000e-01 5.557425538427196443e-05
4.087506234645843506e-02 9.591260552406311035e-01
1.010249661703710444e-06 1.000000000000000000e+00
2.266049792254420936e-09 1.000000000000000000e+00
8.167005034920293838e-06 9.999847412109375000e-01
6.814957410097122192e-02 9.318464994430541992e-01
1.165707459449549788e-07 1.000000000000000000e+00
2.026514708995819092e-01 7.973546981811523438e-01
9.997101426124572754e-01 2.937946701422333717e-04
1.000000000000000000e+00 4.444661954039474949e-06
1.000000000000000000e+00 5.047915418998627501e-10
1.009756488201674074e-06 1.000000000000000000e+00
1.000000000000000000e+00 2.314115761237189872e-07
1.000000000000000000e+00 1.703789193063798280e-10
1.000000000000000000e+00 1.638823451943771659e-11
9.991763830184936523e-01 8.163462043739855289e-04
7.801152435149560915e-08 1.000000000000000000e+00
6.118166954493339425e-18 1.000000000000000000e+00
1.507558786037675335e-23 1.000000000000000000e+00
7.697717334921116733e-23 1.000000000000000000e+00
3.438585256889567003e-18 1.000000000000000000e+00
5.330970929262145023e-17 1.000000000000000000e+00
2.888798243314266018e-15 1.000000000000000000e+00
8.378919294013416839e-19 1.000000000000000000e+00
2.627891098407272467e-17 1.000000000000000000e+00
2.172873714317196184e-15 1.000000000000000000e+00
3.516614437103271484e-02 9.648360013961791992e-01
1.000000000000000000e+00 2.013670297174030566e-07
1.000000000000000000e+00 5.548773769943868353e-23
1.000000000000000000e+00 8.707106691712039777e-21
1.000000000000000000e+00 2.253246450942982957e-19
1.000000000000000000e+00 1.362210817151905612e-22
1.000000000000000000e+00 1.429844287080105113e-25
1.000000000000000000e+00 3.607666812271949670e-24
1.000000000000000000e+00 7.254971093094739425e-20
1.000000000000000000e+00 6.739103729786376774e-18
1.000000000000000000e+00 2.041944071606849320e-06
6.711941361427307129e-01 3.288103342056274414e-01
5.065793520770967007e-04 9.994965791702270508e-01
5.109404679387807846e-03 9.948861598968505859e-01
1.977433636784553528e-02 9.802243709564208984e-01
2.271088703764689853e-07 1.000000000000000000e+00
3.073896345795468221e-11 1.000000000000000000e+00
4.019377302694180813e-18 1.000000000000000000e+00
4.268976173943525229e-15 1.000000000000000000e+00
7.595796541864908123e-16 1.000000000000000000e+00
5.339465984155813971e-14 1.000000000000000000e+00
2.284077070072187444e-15 1.000000000000000000e+00
1.000633673697848280e-07 1.000000000000000000e+00
1.000000000000000000e+00 1.292630447125020510e-08
1.000000000000000000e+00 5.707830874612795924e-10
6.952339410781860352e-02 9.304825067520141602e-01
4.085440195922274143e-06 1.000000000000000000e+00
6.933385634511068929e-07 1.000000000000000000e+00
1.640399621694044185e-11 1.000000000000000000e+00
1.268265652470290661e-03 9.987342953681945801e-01
1.000000000000000000e+00 1.056231440088595264e-06
1.000000000000000000e+00 3.790827769284367196e-15
1.000000000000000000e+00 3.019733655402212562e-20
1.000000000000000000e+00 4.203544414399857164e-23
1.000000000000000000e+00 2.091861057741443741e-19
1.000000000000000000e+00 2.924159829206796068e-12
1.000000000000000000e+00 4.413184342411113903e-07
1.000000000000000000e+00 9.201489925615109922e-20
1.000000000000000000e+00 7.472382865826421358e-25
1.000000000000000000e+00 8.458224054853588667e-23
1.000000000000000000e+00 1.804557165215830765e-18
1.000000000000000000e+00 7.505758446599532428e-23
9.961177966033574194e-06 1.000000000000000000e+00
2.423160205506914600e-19 1.000000000000000000e+00
8.496178039504672952e-18 1.000000000000000000e+00
8.560765385627746582e-01 1.439098715782165527e-01
1.000000000000000000e+00 9.665964123195731374e-17
1.000000000000000000e+00 4.040428897082422657e-15
9.995118379592895508e-01 4.746109480038285255e-04
1.022960649521564847e-08 1.000000000000000000e+00
6.354783292203113076e-17 1.000000000000000000e+00
1.746120919756188233e-21 1.000000000000000000e+00
3.479413618067041117e-16 1.000000000000000000e+00
1.000000000000000000e+00 5.271342615742469206e-07
1.000000000000000000e+00 3.322653389337365364e-15
1.000000000000000000e+00 2.536576024968614200e-18
1.000000000000000000e+00 1.504880953390454689e-16
1.000000000000000000e+00 1.686285330269350331e-18
1.000000000000000000e+00 7.598548052803972897e-24
1.000000000000000000e+00 1.262902214310290693e-25
1.000000000000000000e+00 1.743751257327551215e-21
1.000000000000000000e+00 6.538895160470583827e-25
1.000000000000000000e+00 2.074828924252836733e-20
1.000000000000000000e+00 4.680216340158587095e-19
1.000000000000000000e+00 3.469140564254724547e-17
9.999847412109375000e-01 1.503953899373300374e-05
1.671778548928415375e-10 1.000000000000000000e+00
7.105787069860980409e-10 1.000000000000000000e+00
9.234950542449951172e-01 7.651863992214202881e-02
1.000000000000000000e+00 1.173307197926964918e-11
9.996338486671447754e-01 3.526578657329082489e-04
2.005277996604271085e-13 1.000000000000000000e+00
9.048166829199577786e-19 1.000000000000000000e+00
2.777333948471961229e-16 1.000000000000000000e+00
3.463224173584633636e-13 1.000000000000000000e+00
3.277559912362448813e-08 1.000000000000000000e+00
1.000000000000000000e+00 7.925536124221579380e-25
1.000000000000000000e+00 2.985552525664788179e-29
1.000000000000000000e+00 6.714201648100194092e-29
1.000000000000000000e+00 1.804746670704468342e-29
1.000000000000000000e+00 2.364148532806324389e-27
1.000000000000000000e+00 2.908052963597616577e-19
1.000000000000000000e+00 1.090366319986868895e-22
1.000000000000000000e+00 9.820036563623607272e-28
1.000000000000000000e+00 1.980770429272941885e-32
1.000000000000000000e+00 1.626548247293099979e-33
1.000000000000000000e+00 2.882663914900732539e-32
1.000000000000000000e+00 1.147932299679687168e-30
1.000000000000000000e+00 2.803383326123506697e-29
1.000000000000000000e+00 2.671108663057765656e-24
1.000000000000000000e+00 5.344253186785289490e-22
1.000000000000000000e+00 2.276365890569898658e-19
1.000000000000000000e+00 3.225860816872248328e-15
1.000000000000000000e+00 5.043846200078472286e-13
1.000000000000000000e+00 9.438996351023021258e-16
1.000000000000000000e+00 5.447158041590323375e-17
1.000000000000000000e+00 6.687193615081147600e-26
1.000000000000000000e+00 3.313126246185835576e-28
1.000000000000000000e+00 2.654201575040311315e-28
1.000000000000000000e+00 2.271286187978031127e-31
1.000000000000000000e+00 2.546360799827512653e-31
1.000000000000000000e+00 5.360389969662461727e-27
1.000000000000000000e+00 1.687311377137285254e-22
1.000000000000000000e+00 1.018309578812641129e-20
1.000000000000000000e+00 3.145568312216385830e-18
1.000000000000000000e+00 8.459570798190981979e-25
1.000000000000000000e+00 5.075717802359397742e-26
1.000000000000000000e+00 6.197410245738583265e-29
1.000000000000000000e+00 1.400533246292859807e-30
1.000000000000000000e+00 1.172365571185334277e-22
1.000000000000000000e+00 3.063548026371876176e-11
1.000000000000000000e+00 1.308830545537016578e-16
1.000000000000000000e+00 1.955839639371937259e-20
1.000000000000000000e+00 2.199615937434165985e-18
1.000000000000000000e+00 9.825922107682854943e-20
1.000000000000000000e+00 2.315072773358551896e-19
1.000000000000000000e+00 6.971579984586352480e-21
1.000000000000000000e+00 2.838836919782228596e-18
1.000000000000000000e+00 8.325067186573315154e-21
1.000000000000000000e+00 2.389923532126714714e-23
1.000000000000000000e+00 6.141165901892089555e-36
1.000000000000000000e+00 8.271762614110058374e-35
1.000000000000000000e+00 1.270101221849136115e-32
1.000000000000000000e+00 3.932146152935633943e-32
1.000000000000000000e+00 4.022714249892478177e-29
1.000000000000000000e+00 3.993551534696196352e-24
1.000000000000000000e+00 4.668870717952112696e-21
1.000000000000000000e+00 2.844824590743480409e-23
1.000000000000000000e+00 7.260460367037217886e-18
1.000000000000000000e+00 1.715132281533172931e-14
1.000000000000000000e+00 4.864936379533034167e-16
1.000000000000000000e+00 8.920254400586469234e-14
1.000000000000000000e+00 1.807407571445551678e-20
1.000000000000000000e+00 2.980291049742421104e-17
1.000000000000000000e+00 4.394758211859195463e-13
1.000000000000000000e+00 2.930030282527300300e-14
1.000000000000000000e+00 1.382685333441589152e-16
1.000000000000000000e+00 1.056980590518212158e-22
1.000000000000000000e+00 5.814086545541385931e-09
1.000000000000000000e+00 1.129415228007246697e-08
1.000000000000000000e+00 8.134484297088462323e-13
1.000000000000000000e+00 3.249042880440825010e-14
1.000000000000000000e+00 9.005827905639307573e-08
2.775505208774120547e-06 1.000000000000000000e+00
2.243087239930420529e-16 1.000000000000000000e+00
1.137905476272638939e-21 1.000000000000000000e+00
8.585214002881079176e-19 1.000000000000000000e+00
8.379315733909606934e-01 1.620789617300033569e-01
1.000000000000000000e+00 2.761769701820071532e-10
9.745423197746276855e-01 2.546408027410507202e-02
1.000000000000000000e+00 3.856061066132839357e-25
1.000000000000000000e+00 1.026331534387914910e-20
1.000000000000000000e+00 2.986303512433503157e-22
1.000000000000000000e+00 1.679048709176481057e-21
1.000000000000000000e+00 1.059929203644989394e-20
1.000000000000000000e+00 2.758377216695560448e-19
1.000000000000000000e+00 4.898819819658465262e-20
1.000000000000000000e+00 1.946376864063157130e-23
1.000000000000000000e+00 6.049579955808550864e-28
1.000000000000000000e+00 1.033815160303551298e-16
2.380555821912544445e-12 1.000000000000000000e+00
1.000000000000000000e+00 6.085046910797586861e-10
3.756945952773094177e-04 9.996185898780822754e-01
2.254105756216429057e-12 1.000000000000000000e+00
3.762639879302116019e-19 1.000000000000000000e+00
3.423652909753698492e-17 1.000000000000000000e+00
1.081752021292459176e-09 1.000000000000000000e+00
2.593766294012311846e-05 9.999694824218750000e-01
2.902006804943084717e-01 7.097989916801452637e-01
9.977899193763732910e-01 2.204580465331673622e-03
1.000000000000000000e+00 9.540530587770490456e-10
1.000000000000000000e+00 4.398472688502130801e-17
1.000000000000000000e+00 3.785238259766608668e-21
1.000000000000000000e+00 2.964514179635469508e-20
1.000000000000000000e+00 3.428672300725039039e-24
1.000000000000000000e+00 5.339560837017199555e-24
1.000000000000000000e+00 1.566430734851586432e-14
1.000000000000000000e+00 1.028503584382667313e-11
1.000000000000000000e+00 2.766964175143771243e-13
1.000000000000000000e+00 3.258679315622359639e-19
1.000000000000000000e+00 7.684330562574742468e-25
1.000000000000000000e+00 1.041826218219436512e-27
1.000000000000000000e+00 1.710201523898566158e-27
1.000000000000000000e+00 3.693855096438840215e-16
9.998474121093750000e-01 1.493475137976929545e-04
9.996643662452697754e-01 3.304180281702429056e-04
1.427429728209972382e-03 9.985666871070861816e-01
3.103767520773459410e-10 1.000000000000000000e+00
2.744572960827057484e-13 1.000000000000000000e+00
1.000000000000000000e+00 5.144034604192969310e-20
1.000000000000000000e+00 2.888239378176032974e-28
1.000000000000000000e+00 3.293443482895441074e-28
1.000000000000000000e+00 2.775721972889452847e-25
1.000000000000000000e+00 3.094432739821019663e-22
1.000000000000000000e+00 5.071077067370639130e-17
1.000000000000000000e+00 2.056685666218527331e-08
3.778595104813575745e-02 9.622189998626708984e-01
6.957844107091659680e-06 1.000000000000000000e+00
4.581149823934538290e-07 1.000000000000000000e+00
2.682931954041123390e-03 9.973180294036865234e-01
1.000000000000000000e+00 2.436103813994810151e-15
1.000000000000000000e+00 6.352574637249535237e-18
1.000000000000000000e+00 1.066742128908816106e-23
1.000000000000000000e+00 1.906083836953949004e-21
1.000000000000000000e+00 2.163867996401584713e-28
1.000000000000000000e+00 4.286909657141803250e-23
1.000000000000000000e+00 1.656518365251382207e-24
9.999847412109375000e-01 1.281521599594270810e-05
2.496736869215965271e-02 9.750331640243530273e-01
9.635560512542724609e-01 3.643778339028358459e-02
3.759284503757953644e-03 9.962381720542907715e-01
6.135788405137176937e-11 1.000000000000000000e+00
3.054445932293425869e-11 1.000000000000000000e+00
5.724433549403329380e-07 1.000000000000000000e+00
9.834454655647277832e-01 1.655437797307968140e-02
1.000000000000000000e+00 6.227271569514414296e-06
1.000000000000000000e+00 6.623862418564385734e-07
9.990848898887634277e-01 9.274865733459591866e-04
5.996330175548791885e-03 9.940060973167419434e-01
8.742888140886306836e-13 1.000000000000000000e+00
2.104810142100370907e-21 1.000000000000000000e+00
1.346028036189780391e-21 1.000000000000000000e+00
3.209382194547554841e-19 1.000000000000000000e+00
1.672511635697000159e-18 1.000000000000000000e+00
1.644868665832519315e-17 1.000000000000000000e+00
2.690898736067192168e-16 1.000000000000000000e+00
1.110426524064678233e-07 1.000000000000000000e+00
1.000000000000000000e+00 4.934318553750927094e-07
1.000000000000000000e+00 4.019613485920121854e-15
1.000000000000000000e+00 2.412871182559282388e-15
1.000000000000000000e+00 9.562959129130259995e-21
1.000000000000000000e+00 1.275359511295088301e-24
1.000000000000000000e+00 1.398598739219465243e-25
1.000000000000000000e+00 8.079819074874376053e-25
1.000000000000000000e+00 1.578310990930610554e-24
1.000000000000000000e+00 6.818564560584598857e-19
1.000000000000000000e+00 3.798528569324329668e-15
1.000000000000000000e+00 2.507807676799256313e-11
9.999389648437500000e-01 5.473269629874266684e-05
1.339357180718536711e-09 1.000000000000000000e+00
2.043888681927279102e-17 1.000000000000000000e+00
1.380743956669316930e-11 1.000000000000000000e+00
4.909085191684425808e-07 1.000000000000000000e+00
1.898144859069361701e-07 1.000000000000000000e+00
1.000000000000000000e+00 1.671312220563603290e-11
1.000000000000000000e+00 3.026253103031166526e-25
1.000000000000000000e+00 3.647003558526021729e-25
1.000000000000000000e+00 4.214574187246119371e-31
1.000000000000000000e+00 2.766667277293086909e-29
1.000000000000000000e+00 8.195794446931574630e-25
1.000000000000000000e+00 4.670180343902119034e-17
1.000000000000000000e+00 4.470602837916754814e-17
1.000000000000000000e+00 8.138448411281612449e-15
1.000000000000000000e+00 1.931161758284005714e-10
1.000000000000000000e+00 4.542449315997343362e-14
1.000000000000000000e+00 1.753281332576438374e-15
1.000000000000000000e+00 2.384062455838293969e-28
1.000000000000000000e+00 7.705998796704126915e-24
1.000000000000000000e+00 2.676628086153325509e-23
1.000000000000000000e+00 5.992890822307224179e-21
9.999694824218750000e-01 2.947385837615001947e-05
9.998168945312500000e-01 1.826942607294768095e-04
1.000000000000000000e+00 2.478026006613731624e-09
1.000000000000000000e+00 1.885359706896294618e-12
1.000000000000000000e+00 3.072847485970255414e-22
1.000000000000000000e+00 1.357967185256363790e-29
1.000000000000000000e+00 2.340595495198272147e-10
9.781870758160948753e-04 9.990239143371582031e-01
2.832914566992805749e-14 1.000000000000000000e+00
8.346900161680980526e-24 1.000000000000000000e+00
3.077015323909726887e-27 1.000000000000000000e+00
2.283149735653829298e-26 1.000000000000000000e+00
7.847796347202377482e-25 1.000000000000000000e+00
9.020332572667338221e-24 1.000000000000000000e+00
9.123828103574182170e-27 1.000000000000000000e+00
2.856230735778808594e-01 7.143625020980834961e-01
3.066252768039703369e-01 6.933776736259460449e-01
9.089002013206481934e-01 9.108746796846389771e-02
9.993593096733093262e-01 6.452018860727548599e-04
1.000000000000000000e+00 5.323704954207642004e-06
1.000000000000000000e+00 1.543686047333236349e-16
1.000000000000000000e+00 1.190675249368444710e-11
1.000000000000000000e+00 8.029757414540483751e-12
1.000000000000000000e+00 3.534621761946965535e-10
1.000000000000000000e+00 5.738627888857150694e-13
1.000000000000000000e+00 1.326327069853738220e-15
3.480697982013225555e-03 9.965118169784545898e-01
9.999694824218750000e-01 2.494096224836539477e-05
1.000000000000000000e+00 1.156493787555698798e-16
1.000000000000000000e+00 1.822527995491360353e-13
1.000000000000000000e+00 2.338798575148560180e-20
1.000000000000000000e+00 6.388360703289998254e-21
1.000000000000000000e+00 8.557491610126740524e-33
1.000000000000000000e+00 1.248291192528033108e-29
1.000000000000000000e+00 6.636744573522703936e-27
1.000000000000000000e+00 3.185921161327421419e-29
1.000000000000000000e+00 1.177018705264139965e-34
1.000000000000000000e+00 1.079123374280857615e-30
1.000000000000000000e+00 5.292085664974394724e-18
1.000000000000000000e+00 3.143850414374926849e-12
1.000000000000000000e+00 7.453573992548517130e-15
1.000000000000000000e+00 3.106665491020134092e-20
1.000000000000000000e+00 1.738326034952583061e-20
1.000000000000000000e+00 3.350963238005181921e-22
1.000000000000000000e+00 5.876944875132870515e-17
9.999237060546875000e-01 7.810484385117888451e-05
5.476306006312370300e-02 9.452364444732666016e-01
7.459885478019714355e-01 2.540112733840942383e-01
3.500587990856729448e-05 9.999694824218750000e-01
1.323941083920441263e-15 1.000000000000000000e+00
1.697294355835765600e-04 9.998321533203125000e-01
1.000000000000000000e+00 9.418666957472510148e-10
1.000000000000000000e+00 3.244297971276895870e-15
1.000000000000000000e+00 2.000970788076240909e-18
1.000000000000000000e+00 5.508545699787297787e-19
1.000000000000000000e+00 3.228822800098929236e-18
1.000000000000000000e+00 3.677866356942680233e-17
1.000000000000000000e+00 1.975926430921513778e-16
1.000000000000000000e+00 2.628412553065425896e-17
1.000000000000000000e+00 2.475694926847329720e-22
1.000000000000000000e+00 1.778951912138873969e-20
1.000000000000000000e+00 2.033514017248516518e-17
1.000000000000000000e+00 6.073987535160085827e-09
1.000000000000000000e+00 3.876846932371336152e-08
1.000000000000000000e+00 2.228747880694825767e-10
1.000000000000000000e+00 5.324993779254327819e-10
1.000000000000000000e+00 6.858243833951505053e-11
1.000000000000000000e+00 1.962718226183184857e-25
1.000000000000000000e+00 6.821538993823001573e-24
1.000000000000000000e+00 3.454949645597516311e-21
1.000000000000000000e+00 2.560287264421021983e-25
1.000000000000000000e+00 2.369967746170990397e-16
1.000000000000000000e+00 4.591954204245224228e-18
1.000000000000000000e+00 4.973114936611399874e-29
1.000000000000000000e+00 2.475053347080078118e-29
1.000000000000000000e+00 4.989941193145962858e-33
1.000000000000000000e+00 4.960047297308675887e-27
1.000000000000000000e+00 7.683642743707427595e-21
1.000000000000000000e+00 1.035583473929842658e-16
1.000000000000000000e+00 2.993782034660915964e-17
1.000000000000000000e+00 1.173655471099163535e-20
1.000000000000000000e+00 5.296720088951271545e-22
1.000000000000000000e+00 2.128983234429190055e-25
1.000000000000000000e+00 1.315888275680755885e-25
1.000000000000000000e+00 1.075163937915013523e-12
9.969072341918945312e-01 3.087446792051196098e-03
6.538996845483779907e-02 9.346090555191040039e-01
1.000000000000000000e+00 1.439261178617766033e-19
1.000000000000000000e+00 2.573883244651613124e-22
1.000000000000000000e+00 9.991250002342682591e-27
1.000000000000000000e+00 2.353269002698729503e-28
1.000000000000000000e+00 8.784931958271438199e-31
1.000000000000000000e+00 9.811446976256950962e-31
1.000000000000000000e+00 5.549397652916714034e-27
1.000000000000000000e+00 5.928364029841482366e-20
1.000000000000000000e+00 4.061633096367513185e-14
1.000000000000000000e+00 3.231292851069156313e-07
1.000000000000000000e+00 7.597394257761666547e-15
1.000000000000000000e+00 6.934424388563662946e-20
1.000000000000000000e+00 7.362862162743880984e-22
1.000000000000000000e+00 3.342657017854215814e-19
1.000000000000000000e+00 8.572065279821572403e-10
1.000000000000000000e+00 2.099263037708132273e-12
1.000000000000000000e+00 2.102370807476584769e-21
1.000000000000000000e+00 2.799416810405872704e-23
1.000000000000000000e+00 1.862489742500753031e-22
1.000000000000000000e+00 1.609491529507460119e-29
1.000000000000000000e+00 6.426691868580143425e-27
1.000000000000000000e+00 2.044944549524189970e-14
5.813400149345397949e-01 4.186532497406005859e-01
4.309211340080935926e-14 1.000000000000000000e+00
2.047506912281060742e-12 1.000000000000000000e+00
5.565262213349342346e-02 9.443426132202148438e-01
9.413357973098754883e-01 5.866976827383041382e-02
6.619913130998611450e-02 9.337965250015258789e-01
9.988715052604675293e-01 1.127244438976049423e-03
9.986581206321716309e-01 1.348435296677052975e-03
5.251666530966758728e-02 9.474891424179077148e-01
7.604117393493652344e-01 2.395883500576019287e-01
6.732558012008666992e-01 3.267397582530975342e-01
1.000000000000000000e+00 4.009369547475216677e-07
1.000000000000000000e+00 1.718419468943466200e-07
1.000000000000000000e+00 7.709442684245004784e-08
1.263730227947235107e-04 9.998779296875000000e-01
1.278903029213861869e-14 1.000000000000000000e+00
4.876753547938415725e-16 1.000000000000000000e+00
1.828502898138656407e-13 1.000000000000000000e+00
6.199743385337797008e-09 1.000000000000000000e+00
1.126109855249524117e-03 9.988715052604675293e-01
3.497038596200763294e-12 1.000000000000000000e+00
3.619378918050408619e-19 1.000000000000000000e+00
1.119905008323590704e-21 1.000000000000000000e+00
3.511806044345738966e-22 1.000000000000000000e+00
4.547027579178548582e-21 1.000000000000000000e+00
4.158316825098908043e-14 1.000000000000000000e+00
2.213262998099359800e-15 1.000000000000000000e+00
1.930315685072514498e-09 1.000000000000000000e+00
2.864549689032130919e-13 1.000000000000000000e+00
1.083150171117541749e-12 1.000000000000000000e+00
9.999237060546875000e-01 7.640155672561377287e-05
1.000000000000000000e+00 1.914615909798201773e-15
1.000000000000000000e+00 5.286780457858242244e-10
1.000000000000000000e+00 1.462711652104251026e-13
1.000000000000000000e+00 8.540739315776590956e-08
1.000000000000000000e+00 1.055699726748571265e-06
1.000000000000000000e+00 9.792977806455382961e-08
9.998474121093750000e-01 1.555767230456694961e-04
1.000000000000000000e+00 1.531405331434143591e-07
1.000000000000000000e+00 3.760285485765457736e-12
1.000000000000000000e+00 1.769439650715616628e-16
1.000000000000000000e+00 1.454789426666917745e-18
1.000000000000000000e+00 3.631285058173745971e-27
1.000000000000000000e+00 2.485587929893864882e-26
1.000000000000000000e+00 1.629322866256001944e-27
1.000000000000000000e+00 3.087654979442748342e-28
1.000000000000000000e+00 2.008139919159450973e-29
1.000000000000000000e+00 4.340535553731731889e-24
1.000000000000000000e+00 2.432023704264361714e-18
1.000000000000000000e+00 4.484756146351720883e-20
1.000000000000000000e+00 7.036367149113560264e-22
1.000000000000000000e+00 2.049246818904437567e-22
1.000000000000000000e+00 9.764247076601321952e-17
9.999923706054687500e-01 9.344605132355354726e-06
9.717729091644287109e-01 2.822963893413543701e-02
9.421836733818054199e-01 5.781661346554756165e-02
9.999542236328125000e-01 4.403872299008071423e-05
1.000000000000000000e+00 4.099969252990831592e-09
1.000000000000000000e+00 2.378849070852617764e-12
1.000000000000000000e+00 6.345944371049616443e-16
1.000000000000000000e+00 4.871075341808127090e-19
1.000000000000000000e+00 1.612347464479955994e-16
1.000000000000000000e+00 6.415383205623237926e-17
1.000000000000000000e+00 1.142632834527711021e-15
1.000000000000000000e+00 1.420586616759870872e-16
1.000000000000000000e+00 1.371688277390426357e-18
1.000000000000000000e+00 5.518214358704662972e-21
1.000000000000000000e+00 6.657456127485422854e-21
1.000000000000000000e+00 2.870275366528378380e-17
1.000000000000000000e+00 7.864201064713855772e-22
1.000000000000000000e+00 7.759393635934916320e-23
1.000000000000000000e+00 1.624942407930971174e-25
1.000000000000000000e+00 7.485940641149501495e-31
1.000000000000000000e+00 1.585806550036794303e-24
1.000000000000000000e+00 2.995531488569241115e-16
1.000000000000000000e+00 1.423893972294120739e-19
1.000000000000000000e+00 1.823102832581717968e-23
1.000000000000000000e+00 6.727966179134763524e-30
1.000000000000000000e+00 6.590066435387822426e-29
1.000000000000000000e+00 9.717387817890991725e-25
1.000000000000000000e+00 1.034051077255829912e-25
1.000000000000000000e+00 1.158901545690511718e-22
1.000000000000000000e+00 1.387655448152114019e-19
5.057965495325333904e-07 1.000000000000000000e+00
4.360498171976415356e-25 1.000000000000000000e+00
8.276892900466918945e-01 1.723216772079467773e-01
1.000000000000000000e+00 1.206940905724984692e-12
1.000000000000000000e+00 1.111105890454211487e-12
1.000000000000000000e+00 3.087932132217474646e-09
9.999694824218750000e-01 2.359561949560884386e-05
1.000000000000000000e+00 5.254799475551408250e-07
9.999694824218750000e-01 3.156732418574392796e-05
2.515636384487152100e-03 9.974854588508605957e-01
5.572612583637237549e-02 9.442705512046813965e-01
1.000000000000000000e+00 1.253972928201040972e-18
1.000000000000000000e+00 1.308448114396495998e-13
1.803992372151341783e-11 1.000000000000000000e+00
3.551526521386837373e-27 1.000000000000000000e+00
1.000000000000000000e+00 1.567845246786276611e-17
1.000000000000000000e+00 1.156766178131412510e-18
1.000000000000000000e+00 4.501936987978016668e-25
1.000000000000000000e+00 2.955952186125771606e-29
1.000000000000000000e+00 1.919552370316510582e-30
1.000000000000000000e+00 1.230283766355922066e-30
1.000000000000000000e+00 3.000404943807201815e-30
1.000000000000000000e+00 2.067328749254427831e-30
1.000000000000000000e+00 1.813526607715170022e-20
1.000000000000000000e+00 1.216471074697054168e-21
1.000000000000000000e+00 1.516293924125415272e-19
1.000000000000000000e+00 2.195747704847744178e-21
1.000000000000000000e+00 6.094140491720578812e-14
1.000000000000000000e+00 1.970797100486684704e-19
1.000000000000000000e+00 5.644232754494274792e-27
1.000000000000000000e+00 3.002694806802603631e-30
1.000000000000000000e+00 2.497534505872468307e-34
1.000000000000000000e+00 6.017239499441157351e-29
1.000000000000000000e+00 3.732266997821155874e-24
1.000000000000000000e+00 4.962864836520817194e-28
1.000000000000000000e+00 4.183983037364669144e-06
1.307036654907278717e-05 9.999847412109375000e-01
1.786347478628158569e-01 8.213609457015991211e-01
8.894591331481933594e-01 1.105468049645423889e-01
1.000000000000000000e+00 6.221163464585704914e-23
1.000000000000000000e+00 9.379823603333007118e-20
1.000000000000000000e+00 1.660106025762236846e-23
1.000000000000000000e+00 9.057562863089243873e-26
1.000000000000000000e+00 1.378580808266778975e-26
1.000000000000000000e+00 5.744325259634023826e-27
1.000000000000000000e+00 2.036517766240324242e-25
1.000000000000000000e+00 1.261626231796095707e-25
1.000000000000000000e+00 1.343290530189013918e-26
1.000000000000000000e+00 2.476248186554597425e-25
1.000000000000000000e+00 2.161227095995744280e-14
1.000000000000000000e+00 5.039024060612558819e-26
1.000000000000000000e+00 1.518151449111165335e-27
1.000000000000000000e+00 1.037402822821021053e-30
1.000000000000000000e+00 8.440876399179827786e-32
1.000000000000000000e+00 1.564450921500989482e-33
1.000000000000000000e+00 4.942964525238508280e-15
7.165724877268075943e-03 9.928388595581054688e-01
1.186787264463714728e-14 1.000000000000000000e+00
8.025533260670043739e-19 1.000000000000000000e+00
3.932423094425629137e-21 1.000000000000000000e+00
3.404983332175981845e-20 1.000000000000000000e+00
3.931692335754632950e-04 9.996033310890197754e-01
1.000000000000000000e+00 1.077599381255067712e-11
1.000000000000000000e+00 2.344849910562450180e-17
1.000000000000000000e+00 6.649210574650818333e-20
1.000000000000000000e+00 6.986306061311783822e-20
1.000000000000000000e+00 8.506631084352846659e-23
1.000000000000000000e+00 3.459905118342820905e-23
1.000000000000000000e+00 1.915971052498787184e-19
1.000000000000000000e+00 6.559681152285091725e-25
1.000000000000000000e+00 1.881804460694860945e-18
1.000000000000000000e+00 5.620062575040218888e-12
1.000000000000000000e+00 8.957010209087457042e-07
6.438741693273186684e-04 9.993593096733093262e-01
7.590351178805247040e-16 1.000000000000000000e+00
5.980596296888379248e-16 1.000000000000000000e+00
1.548903128423262388e-05 9.999847412109375000e-01
1.125784798716722435e-08 1.000000000000000000e+00
1.469552452816602628e-12 1.000000000000000000e+00
2.521868889930611868e-13 1.000000000000000000e+00
3.254106195527128875e-05 9.999694824218750000e-01
2.341064600841491483e-06 1.000000000000000000e+00
7.600091862514091190e-07 1.000000000000000000e+00
7.796257563141839597e-12 1.000000000000000000e+00
1.000000000000000000e+00 2.691657785547363346e-09
1.000000000000000000e+00 1.126451771286907123e-21
1.000000000000000000e+00 1.366900153471337604e-23
1.000000000000000000e+00 5.603544461479453724e-24
1.000000000000000000e+00 6.675556181235146189e-23
1.000000000000000000e+00 2.824535946147430413e-25
1.000000000000000000e+00 2.042265973789540161e-26
1.000000000000000000e+00 3.905161309617750642e-26
1.000000000000000000e+00 2.759459983192695290e-20
5.926128360442817211e-04 9.994050860404968262e-01
1.911910658236593008e-05 9.999847412109375000e-01
6.889738608151674271e-03 9.931116104125976562e-01
9.991154074668884277e-01 8.797763148322701454e-04
1.000000000000000000e+00 3.087199553062500261e-18
1.000000000000000000e+00 2.091165902909472419e-20
1.000000000000000000e+00 1.205378378493961360e-24
1.000000000000000000e+00 1.208487953797511331e-21
1.000000000000000000e+00 1.592488221166207286e-15
9.998168945312500000e-01 1.799496967578306794e-04
9.966107010841369629e-01 3.386088646948337555e-03
1.000000000000000000e+00 4.395773078869069650e-09
1.000000000000000000e+00 2.732097783346930896e-15
1.000000000000000000e+00 4.642201757085519520e-26
1.000000000000000000e+00 2.028646721669206935e-26
1.000000000000000000e+00 2.056792771347488590e-33
1.000000000000000000e+00 9.947136191780504076e-27
1.000000000000000000e+00 1.317594429647480317e-20
1.000000000000000000e+00 4.681262675165852658e-22
1.000000000000000000e+00 4.032951229585314719e-27
1.000000000000000000e+00 9.709789783987457980e-33
1.000000000000000000e+00 3.243850717238204182e-31
1.000000000000000000e+00 1.647747569977005170e-29
1.000000000000000000e+00 1.949028186122559689e-24
1.000000000000000000e+00 1.156599666674105586e-16
1.670479327440261841e-01 8.329471945762634277e-01
8.963121771812438965e-01 1.036828607320785522e-01
1.594742015004158020e-02 9.840458631515502930e-01
4.969757014805509243e-07 1.000000000000000000e+00
4.055441422678995878e-06 1.000000000000000000e+00
3.523152602991075355e-10 1.000000000000000000e+00
1.000000000000000000e+00 2.077844669656769838e-07
1.000000000000000000e+00 5.868405067444015799e-11
1.000000000000000000e+00 1.765259272090702325e-09
1.000000000000000000e+00 3.501744672007589543e-08
9.992830753326416016e-01 7.149039302021265030e-04
1.720658910926431417e-04 9.998321533203125000e-01
1.450682990252971649e-03 9.985514879226684570e-01
9.997711181640625000e-01 2.305070956936106086e-04
9.982315301895141602e-01 1.771511393599212170e-03
9.740368127822875977e-01 2.596710622310638428e-02
8.199709653854370117e-01 1.800330430269241333e-01
1.517446991056203842e-02 9.848269820213317871e-01
3.502091169357299805e-01 6.497995853424072266e-01
1.000000000000000000e+00 5.192769549466902390e-06
1.000000000000000000e+00 1.278831814749414875e-11
1.000000000000000000e+00 5.359236749584266046e-15
1.000000000000000000e+00 3.011325563906375180e-12
1.000000000000000000e+00 6.747580421448855374e-29
1.000000000000000000e+00 3.055347267645991335e-31
1.000000000000000000e+00 5.813900249246990477e-27
1.000000000000000000e+00 5.902038383962411497e-25
1.000000000000000000e+00 2.465373975634397343e-23
1.000000000000000000e+00 9.614116064636246017e-24
1.000000000000000000e+00 4.600572677818854907e-29
1.000000000000000000e+00 1.203123734281302948e-30
1.000000000000000000e+00 4.506158765083069485e-27
1.000000000000000000e+00 4.194876331887198164e-24
1.000000000000000000e+00 4.744163098977938002e-23
1.000000000000000000e+00 8.609260113185063548e-25
1.000000000000000000e+00 8.730552799670195427e-29
1.000000000000000000e+00 4.614354331574336156e-28
1.000000000000000000e+00 3.369014229463025457e-27
1.000000000000000000e+00 4.649303945308824737e-13
9.910528659820556641e-01 8.948422037065029144e-03
1.000000000000000000e+00 1.254563031238831172e-08
1.000000000000000000e+00 2.700588538873897188e-14
1.000000000000000000e+00 2.969985702798990464e-17
1.000000000000000000e+00 4.515676157648953058e-19
1.000000000000000000e+00 9.343397929577410276e-20
1.000000000000000000e+00 8.021370474237370627e-19
1.000000000000000000e+00 4.240208211562602359e-19
1.000000000000000000e+00 1.060240870792705792e-12
2.377713371970457956e-06 1.000000000000000000e+00
1.019012415781617165e-06 1.000000000000000000e+00
1.000000000000000000e+00 1.584033425261477390e-11
1.000000000000000000e+00 6.413460393187367381e-14
1.000000000000000000e+00 3.064102723176857779e-15
1.000000000000000000e+00 2.472434372319721052e-18
1.000000000000000000e+00 3.565844722362015995e-14
1.000000000000000000e+00 4.180288333663815010e-18
1.000000000000000000e+00 2.143908865353510630e-22
1.000000000000000000e+00 1.412822072196671594e-14
3.241239115595817566e-02 9.675930142402648926e-01
3.249428991939501410e-13 1.000000000000000000e+00
2.598260939889114919e-21 1.000000000000000000e+00
1.140323013363062946e-26 1.000000000000000000e+00
7.234339650333389178e-24 1.000000000000000000e+00
8.719537826913776636e-21 1.000000000000000000e+00
4.530542128122760914e-07 1.000000000000000000e+00
7.550001144409179688e-03 9.924526214599609375e-01
1.000000000000000000e+00 6.156454842177593728e-15
1.000000000000000000e+00 2.450553745520028615e-20
1.000000000000000000e+00 1.025915563614970801e-22
1.000000000000000000e+00 1.501573382805401430e-22
1.000000000000000000e+00 2.029922548955297297e-20
1.000000000000000000e+00 7.431179789055427643e-21
1.000000000000000000e+00 1.829154911014228266e-17
1.000000000000000000e+00 8.234176645489473828e-19
1.000000000000000000e+00 7.447670410075379888e-13
1.000000000000000000e+00 1.734144916554214433e-07
1.000000000000000000e+00 4.716156354334088974e-09
1.000000000000000000e+00 1.025064581827717092e-11
1.000000000000000000e+00 2.105103521414775872e-17
1.000000000000000000e+00 1.028949080894343889e-22
1.000000000000000000e+00 8.477982547570344003e-18
1.000000000000000000e+00 1.528875637202276039e-10
1.000000000000000000e+00 1.506472280254911311e-08
1.000000000000000000e+00 6.412047975912216202e-12
1.000000000000000000e+00 7.422446530854779283e-23
1.000000000000000000e+00 5.137389241946871423e-19
1.000000000000000000e+00 2.071611159358262778e-19
1.000000000000000000e+00 2.307485037327796848e-16
1.000000000000000000e+00 1.503077956081078980e-18
1.000000000000000000e+00 1.763189193928980419e-21
1.000000000000000000e+00 7.329864956333479673e-18
1.000000000000000000e+00 2.208700243370737698e-15
1.000000000000000000e+00 3.896912085325885608e-21
1.000000000000000000e+00 1.038337409190687777e-22
1.000000000000000000e+00 6.165119058511027066e-25
1.000000000000000000e+00 4.480814723950301242e-31
1.000000000000000000e+00 5.156410684799526364e-28
1.000000000000000000e+00 2.225362059069587589e-14
1.000000000000000000e+00 1.807149160480684053e-16
1.000000000000000000e+00 3.854338637650095854e-26
1.000000000000000000e+00 1.501639103546972491e-26
1.000000000000000000e+00 1.105826526582212696e-16
1.000000000000000000e+00 2.591363150231281979e-20
1.000000000000000000e+00 3.594463696605072172e-25
1.000000000000000000e+00 7.370001859022814636e-29
1.000000000000000000e+00 2.120329814702495393e-30
1.000000000000000000e+00 1.005522569670788023e-32
1.000000000000000000e+00 1.331859760412736517e-28
1.000000000000000000e+00 9.740262047636691336e-30
1.000000000000000000e+00 6.851016100230817601e-29
1.000000000000000000e+00 6.569641322400363864e-27
1.000000000000000000e+00 1.394069753177123329e-27
1.000000000000000000e+00 1.616165684480521268e-23
1.000000000000000000e+00 1.333817670969889961e-20
1.000000000000000000e+00 4.696195307230707070e-23
1.000000000000000000e+00 7.742413897988099804e-25
1.000000000000000000e+00 1.058094020354277302e-22
1.000000000000000000e+00 1.656803194623209896e-16
1.000000000000000000e+00 1.533520460826102668e-16
1.000000000000000000e+00 1.273314902157891222e-21
1.000000000000000000e+00 9.225129383360489272e-23
1.000000000000000000e+00 1.158534141612514084e-23
1.000000000000000000e+00 4.180931558779515817e-23
1.000000000000000000e+00 1.252421447766569591e-22
1.000000000000000000e+00 3.325088852749422405e-22
1.000000000000000000e+00 7.736658650388890304e-17
9.999389648437500000e-01 5.876263458048924804e-05
1.000000000000000000e+00 2.904358325395151041e-06
1.000000000000000000e+00 3.563641759072797011e-14
1.000000000000000000e+00 4.031162024519982323e-22
1.000000000000000000e+00 5.677974718240467230e-16
1.000000000000000000e+00 6.167281216953981719e-18
1.000000000000000000e+00 2.819927364184113245e-18
1.000000000000000000e+00 1.250847093445559775e-20
1.000000000000000000e+00 1.256696989054542946e-19
1.000000000000000000e+00 1.312664908179281636e-17
1.000000000000000000e+00 3.839787544185086637e-15
1.000000000000000000e+00 2.034157067456715242e-18
1.000000000000000000e+00 3.433328502914299485e-26
1.000000000000000000e+00 5.006212268400609880e-30
1.000000000000000000e+00 4.837397291239754609e-32
1.000000000000000000e+00 8.986106971773989760e-28
1.000000000000000000e+00 7.725361190407550345e-25
1.000000000000000000e+00 1.559143026788420816e-25
1.000000000000000000e+00 4.273013398979791994e-24
1.000000000000000000e+00 3.776512473656454561e-21
1.000000000000000000e+00 9.122751637081952909e-19
1.000000000000000000e+00 1.685228956003634759e-20
1.000000000000000000e+00 2.313398502293940021e-24
1.000000000000000000e+00 6.414622943842723259e-25
1.000000000000000000e+00 1.247274729793316262e-18
1.000000000000000000e+00 6.047229557382127751e-12
1.000000000000000000e+00 6.527747960227703317e-12
1.000000000000000000e+00 8.120115246867953829e-09
1.000000000000000000e+00 2.018764916467722645e-19
1.000000000000000000e+00 1.681809048657541540e-24
1.000000000000000000e+00 2.529769095057737540e-36
1.000000000000000000e+00 2.270984179969417865e-30
1.000000000000000000e+00 9.791849101025481422e-17
1.000000000000000000e+00 2.543993620497151075e-22
9.999847412109375000e-01 2.050570401479490101e-05
7.875054143369197845e-03 9.921271204948425293e-01
1.000000000000000000e+00 2.770857587496814052e-16
1.000000000000000000e+00 5.235763764246271622e-17
1.000000000000000000e+00 1.019244909826466650e-15
1.000000000000000000e+00 7.779553097640029558e-14
1.000000000000000000e+00 3.541008001106801719e-16
1.000000000000000000e+00 3.283817164801197092e-23
1.000000000000000000e+00 1.204091549142319584e-24
1.000000000000000000e+00 3.957288067269348914e-26
1.000000000000000000e+00 3.089273721635075870e-25
1.000000000000000000e+00 6.980371981930756155e-33
1.000000000000000000e+00 6.663243648257584505e-30
1.000000000000000000e+00 7.560001491996757927e-18
1.000000000000000000e+00 9.228223848801813366e-16
1.000000000000000000e+00 6.011147981202453810e-18
1.000000000000000000e+00 6.347053556044083256e-25
1.000000000000000000e+00 5.791154122972283025e-24
1.000000000000000000e+00 5.741564631651739163e-27
1.000000000000000000e+00 4.629708279981380082e-22
1.000000000000000000e+00 1.179671326280888692e-18
1.000000000000000000e+00 2.939373402689628015e-17
1.000000000000000000e+00 2.977985465764664301e-16
1.000000000000000000e+00 1.950866034734709243e-16
1.000000000000000000e+00 2.922439512067186163e-14
1.000000000000000000e+00 4.691437239038324982e-21
1.000000000000000000e+00 2.197136497626829390e-23
1.000000000000000000e+00 9.714877583604487943e-23
1.000000000000000000e+00 2.646848965634466820e-22
1.000000000000000000e+00 5.389503682142348057e-20
1.273226928333315300e-07 1.000000000000000000e+00
1.000000000000000000e+00 3.526850428418579250e-25
1.000000000000000000e+00 1.390937050937022607e-25
1.000000000000000000e+00 5.654478054685953573e-24
1.000000000000000000e+00 9.930474531178838823e-23
1.000000000000000000e+00 5.582669309472931829e-12
1.000000000000000000e+00 3.056077613194929654e-11
1.000000000000000000e+00 2.780049612738366704e-07
1.000000000000000000e+00 2.075918459354397783e-08
9.961469769477844238e-01 3.850195556879043579e-03
1.000000000000000000e+00 1.377704283989089618e-09
1.000000000000000000e+00 7.685893954156690355e-15
1.000000000000000000e+00 7.386677375164846720e-18
1.000000000000000000e+00 2.104885766118521288e-18
1.787319342838600278e-04 9.998168945312500000e-01
1.921743056774636270e-15 1.000000000000000000e+00
7.381122622829305868e-12 1.000000000000000000e+00
1.294835563749074936e-02 9.870535135269165039e-01
1.000000000000000000e+00 1.832381052446763192e-10
1.000000000000000000e+00 1.006871926871426293e-13
1.000000000000000000e+00 1.304681788087532366e-18
1.000000000000000000e+00 5.501850232819923735e-25
1.000000000000000000e+00 3.136353495126489838e-26
1.000000000000000000e+00 7.393921157819425794e-26
1.000000000000000000e+00 1.526408662806319552e-20
1.000000000000000000e+00 1.099021113159391925e-18
1.000000000000000000e+00 1.182252155641448281e-19
1.000000000000000000e+00 2.600314795422754275e-20
1.000000000000000000e+00 2.359534959129498892e-20
1.000000000000000000e+00 4.890454955714022770e-20
1.000000000000000000e+00 2.613911415182881278e-19
1.000000000000000000e+00 1.265162665636140339e-19
1.000000000000000000e+00 1.743703698481297251e-22
1.000000000000000000e+00 3.272492585617141644e-20
1.000000000000000000e+00 4.756479187311102603e-18
1.000000000000000000e+00 5.776235304682294375e-18
1.000000000000000000e+00 6.807544963861743991e-19
1.000000000000000000e+00 6.078619035816872895e-18
1.000000000000000000e+00 7.346427069107597241e-13
1.000000000000000000e+00 1.566225593663261861e-09
1.000000000000000000e+00 1.977384727312736512e-13
1.000000000000000000e+00 5.242656246700369725e-18
1.000000000000000000e+00 2.224431355810756815e-19
1.000000000000000000e+00 3.801929717627466004e-18
2.329646085854619741e-04 9.997711181640625000e-01
1.000000000000000000e+00 2.161495288310888441e-10
1.000000000000000000e+00 4.278344718192501897e-25
1.000000000000000000e+00 1.062585143014505991e-27
1.000000000000000000e+00 2.408667813867852219e-23
1.000000000000000000e+00 7.403637089202870521e-24
1.000000000000000000e+00 1.459406205201118191e-21
1.000000000000000000e+00 9.059753214278680534e-23
1.000000000000000000e+00 5.123690714306941625e-26
1.000000000000000000e+00 5.313287362962526539e-32
1.000000000000000000e+00 2.339896121652391652e-35
1.000000000000000000e+00 2.288681646986529215e-38
1.000000000000000000e+00 1.758509128322039777e-34
1.000000000000000000e+00 3.351333265719764896e-30
1.000000000000000000e+00 2.484582501892039670e-19
1.000000000000000000e+00 1.276646838374237425e-13
1.000000000000000000e+00 9.053366596390011222e-22
1.000000000000000000e+00 6.056011016456616855e-24
1.000000000000000000e+00 1.240007128909964556e-25
1.000000000000000000e+00 3.458667271853677061e-14
9.491676688194274902e-01 5.082871392369270325e-02
1.138348076012377780e-14 1.000000000000000000e+00
2.967827264326039494e-14 1.000000000000000000e+00
1.782032832409186085e-08 1.000000000000000000e+00
9.982619881629943848e-01 1.734307268634438515e-03
1.000000000000000000e+00 3.384514057902521245e-10
3.960853442549705505e-03 9.960405826568603516e-01
4.220215496508750164e-11 1.000000000000000000e+00
2.379357344831078969e-12 1.000000000000000000e+00
5.748611542344406189e-08 1.000000000000000000e+00
4.073324147611856461e-03 9.959189891815185547e-01
1.000000000000000000e+00 8.504688935317972209e-07
1.000000000000000000e+00 1.790717102324020284e-20
1.000000000000000000e+00 7.638770492639381847e-24
1.000000000000000000e+00 2.199712254700120829e-22
1.000000000000000000e+00 3.502483046354121862e-21
1.000000000000000000e+00 1.949023319851913433e-14
1.000000000000000000e+00 1.524250626136351130e-19
1.000000000000000000e+00 1.168563463397997414e-26
1.000000000000000000e+00 2.122925029196125566e-25
1.000000000000000000e+00 8.776250133906773432e-25
1.000000000000000000e+00 7.747048579065789690e-26
1.000000000000000000e+00 1.347472290308123710e-20
1.000000000000000000e+00 4.454489575426662923e-21
1.000000000000000000e+00 1.964391165668890292e-15
1.000000000000000000e+00 6.088470791984837427e-14
9.942336082458496094e-01 5.764150992035865784e-03
1.342078115307288044e-09 1.000000000000000000e+00
2.249486569239067535e-10 1.000000000000000000e+00
3.417142790951288589e-09 1.000000000000000000e+00
1.000000000000000000e+00 2.133849127668001333e-14
1.000000000000000000e+00 1.627098838456470739e-20
1.000000000000000000e+00 2.129010880059613525e-22
1.000000000000000000e+00 3.688867420689969299e-25
1.000000000000000000e+00 2.640149749649185827e-17
1.000000000000000000e+00 4.828582453355818643e-18
1.000000000000000000e+00 3.465316425564830645e-18
1.000000000000000000e+00 1.156403262331177673e-20
1.000000000000000000e+00 3.553767890922724039e-24
1.000000000000000000e+00 9.077850819404154063e-22
1.000000000000000000e+00 2.893975640724799625e-12
1.000000000000000000e+00 1.240463572924630289e-14
1.000000000000000000e+00 7.951717116834232052e-21
1.000000000000000000e+00 1.749818916664134325e-24
1.000000000000000000e+00 1.608181455625837048e-25
1.000000000000000000e+00 2.362108296608621837e-22
1.000000000000000000e+00 1.022174224795625694e-20
1.000000000000000000e+00 2.120939788313170981e-27
1.000000000000000000e+00 2.959865438729308914e-23
1.000000000000000000e+00 6.191040041736428634e-11
1.000000000000000000e+00 4.484026205897606587e-10
2.015585371132819215e-13 1.000000000000000000e+00
3.786876271249919730e-18 1.000000000000000000e+00
2.102072347838577354e-15 1.000000000000000000e+00
4.943492226764647710e-15 1.000000000000000000e+00
9.994050860404968262e-01 5.940024857409298420e-04
9.999237060546875000e-01 7.588222069898620248e-05
5.722902508541285261e-23 1.000000000000000000e+00
1.421735206671237504e-17 1.000000000000000000e+00
6.059481851694711527e-15 1.000000000000000000e+00
5.983680026211976935e-15 1.000000000000000000e+00
4.192438063377323942e-12 1.000000000000000000e+00
1.316950601903954521e-06 1.000000000000000000e+00
2.148901820182800293e-01 7.851006388664245605e-01
1.000000000000000000e+00 1.209033867880635952e-33
1.000000000000000000e+00 4.989418535443745446e-29
1.000000000000000000e+00 5.633037998573404303e-23
1.000000000000000000e+00 5.277680899449326216e-22
1.000000000000000000e+00 1.777343352809013770e-21
9.305534958839416504e-01 6.944388151168823242e-02
1.000000000000000000e+00 7.628118683857421783e-15
1.000000000000000000e+00 7.141970391824625786e-14
1.000000000000000000e+00 7.464092677267331055e-10
1.000000000000000000e+00 1.142215296567883343e-06
1.000000000000000000e+00 1.378239015970006420e-11
7.617356181144714355e-01 2.382685989141464233e-01
5.994842122714061361e-11 1.000000000000000000e+00
2.408781801932491362e-05 9.999694824218750000e-01
1.000000000000000000e+00 2.341848137632496218e-08
1.000000000000000000e+00 3.975598461547491524e-10
1.000000000000000000e+00 1.054646474318854388e-11
1.000000000000000000e+00 2.200654404532089491e-20
1.000000000000000000e+00 3.217560115673560349e-18
1.000000000000000000e+00 5.299074026798855641e-11
1.000000000000000000e+00 3.071578547064746090e-09
1.000000000000000000e+00 1.055887377532371829e-09
1.000000000000000000e+00 8.338142701934579356e-18
9.999618530273437500e-01 4.177144001005217433e-05
9.893605709075927734e-01 1.063446234911680222e-02
1.000000000000000000e+00 1.436321005708618426e-12
1.000000000000000000e+00 1.043831774488745978e-11
1.000000000000000000e+00 2.301220547451521270e-06
4.312471820616670115e-12 1.000000000000000000e+00
1.984382032608686397e-13 1.000000000000000000e+00
5.360040813684463501e-05 9.999465942382812500e-01
1.000000000000000000e+00 1.262246557276469616e-11
1.000000000000000000e+00 4.299121100463182966e-18
1.000000000000000000e+00 1.479455742506921624e-22
1.000000000000000000e+00 8.212809407044492721e-20
1.000000000000000000e+00 1.922707016871353769e-19
1.000000000000000000e+00 5.263714714132321273e-19
1.000000000000000000e+00 3.886206750592831620e-22
1.000000000000000000e+00 4.605448061909883800e-24
1.000000000000000000e+00 1.219442141408434982e-25
1.000000000000000000e+00 2.464473765434682575e-21
1.000000000000000000e+00 1.917953701029500222e-18
1.000000000000000000e+00 3.583115464752691082e-17
1.000000000000000000e+00 1.377112941909619526e-13
1.056778207421302795e-01 8.943175673484802246e-01
9.997558593750000000e-01 2.468870661687105894e-04
9.601070880889892578e-01 3.987826406955718994e-02
3.413970625842921436e-05 9.999694824218750000e-01
5.301423370838165283e-02 9.469832181930541992e-01
1.000000000000000000e+00 3.126642419801172556e-18
1.000000000000000000e+00 5.132061681814147080e-19
1.000000000000000000e+00 5.351107820071808324e-22
1.000000000000000000e+00 1.040870508610529389e-24
1.000000000000000000e+00 3.075167557446946618e-23
1.000000000000000000e+00 6.637661194595017395e-18
1.000000000000000000e+00 5.604867125974521969e-10
1.202804349176300747e-12 1.000000000000000000e+00
2.628841762331024512e-11 1.000000000000000000e+00
3.860536590218544006e-02 9.613971710205078125e-01
9.993441104888916016e-01 6.608653347939252853e-04
5.914450786764779977e-12 1.000000000000000000e+00
2.067321452400351061e-22 1.000000000000000000e+00
7.421104195277693894e-26 1.000000000000000000e+00
8.676765789295213276e-29 1.000000000000000000e+00
1.354068188232200441e-27 1.000000000000000000e+00
7.284963221204137168e-24 1.000000000000000000e+00
3.461783579173882145e-21 1.000000000000000000e+00
2.580153048038482666e-01 7.419812083244323730e-01
1.000000000000000000e+00 2.267826175739173777e-06
9.460877776145935059e-01 5.391485989093780518e-02
2.082047645401985392e-09 1.000000000000000000e+00
3.111682599410414696e-05 9.999694824218750000e-01
9.329562187194824219e-01 6.704491376876831055e-02
1.000000000000000000e+00 1.525062600649107480e-07
1.000000000000000000e+00 4.233973596189425335e-17
1.000000000000000000e+00 3.332373198286226867e-17
1.000000000000000000e+00 2.786092754072932998e-13
7.060454976226537838e-08 1.000000000000000000e+00
2.443544520739635430e-19 1.000000000000000000e+00
3.202488721473486397e-24 1.000000000000000000e+00
5.437596964620204100e-21 1.000000000000000000e+00
2.098069468291309025e-20 1.000000000000000000e+00
5.681528021454199020e-16 1.000000000000000000e+00
9.051633477210998535e-01 9.484324604272842407e-02
2.012812659601959098e-12 1.000000000000000000e+00
4.468791043541564604e-19 1.000000000000000000e+00
2.369466385251928209e-12 1.000000000000000000e+00
5.929612356680991070e-11 1.000000000000000000e+00
1.102084183912666049e-06 1.000000000000000000e+00
2.884078276110813022e-05 9.999694824218750000e-01
2.061259010588400997e-06 1.000000000000000000e+00
2.463588941736816196e-07 1.000000000000000000e+00
2.369649009779095650e-03 9.976376891136169434e-01
1.000000000000000000e+00 3.142762435313586575e-25
1.000000000000000000e+00 1.037484055085419938e-26
1.000000000000000000e+00 2.785164618203425728e-23
9.956282883649691939e-05 9.998931884765625000e-01
5.366370826959609985e-02 9.463332295417785645e-01
3.278945386409759521e-02 9.672092199325561523e-01
1.000000000000000000e+00 3.219300348586007066e-20
1.000000000000000000e+00 6.275458524343849841e-16
9.995118379592895508e-01 4.876969614997506142e-04
2.036786047776213366e-21 1.000000000000000000e+00
6.518166424811665595e-20 1.000000000000000000e+00
3.471099658817495138e-17 1.000000000000000000e+00
4.491177395260503857e-12 1.000000000000000000e+00
3.794667705059318052e-12 1.000000000000000000e+00
1.057278700861434464e-15 1.000000000000000000e+00
1.456926783821572342e-19 1.000000000000000000e+00
3.815794753618957343e-16 1.000000000000000000e+00
2.190161246806709983e-12 1.000000000000000000e+00
8.465910923405317590e-07 1.000000000000000000e+00
1.000000000000000000e+00 1.778311364830642560e-08
1.000000000000000000e+00 2.773897105935729801e-13
1.000000000000000000e+00 1.442691134726505447e-19
1.000000000000000000e+00 1.699420738145149951e-25
1.000000000000000000e+00 9.435957640279436841e-34
1.000000000000000000e+00 1.613963806061107064e-26
1.000000000000000000e+00 8.142425364009340691e-22
1.000000000000000000e+00 1.435175972679262446e-20
1.000000000000000000e+00 6.568851149635834222e-16
9.984447956085205078e-01 1.558970077894628048e-03
9.998626708984375000e-01 1.377135049551725388e-04
1.000000000000000000e+00 2.568062255903225122e-11
1.000000000000000000e+00 4.677731726271394663e-13
1.000000000000000000e+00 1.000216456941464152e-17
1.000000000000000000e+00 1.944714260819313325e-23
1.000000000000000000e+00 1.021583007389295380e-25
1.000000000000000000e+00 4.098648269692427833e-20
1.000000000000000000e+00 4.033820240148826199e-16
1.000000000000000000e+00 3.211729385048378571e-14
1.000000000000000000e+00 1.008877861826784454e-15
1.000000000000000000e+00 1.248701391853151987e-13
1.000000000000000000e+00 7.151879676749832155e-18
6.087187528610229492e-01 3.912830948829650879e-01
8.686248329468071461e-04 9.991306066513061523e-01
9.917184710502624512e-01 8.286678232252597809e-03
1.000000000000000000e+00 4.594225174514576793e-06
1.000000000000000000e+00 1.338964494834726793e-08
1.000000000000000000e+00 5.003732955863489373e-14
1.000000000000000000e+00 1.466931997056367889e-26
1.000000000000000000e+00 9.446894618394628729e-29
1.000000000000000000e+00 3.009191274246400449e-26
1.000000000000000000e+00 6.445429383321369082e-18
1.000000000000000000e+00 2.578644983356989220e-18
1.000000000000000000e+00 1.239352918002123949e-20
1.000000000000000000e+00 3.195720612028774015e-21
1.000000000000000000e+00 7.993851933016533071e-18
1.000000000000000000e+00 3.480779326345590668e-17
1.000000000000000000e+00 7.512239450117789623e-21
1.000000000000000000e+00 7.481060789378872990e-23
1.000000000000000000e+00 2.085414854930981783e-27
1.000000000000000000e+00 2.948679826507516794e-27
1.000000000000000000e+00 2.498017221406242244e-14
1.000000000000000000e+00 4.551389126694616039e-11
1.000000000000000000e+00 6.264223352276526713e-14
1.000000000000000000e+00 9.870618416263309990e-22
1.000000000000000000e+00 2.819949459540668874e-25
1.000000000000000000e+00 2.367608826485501647e-24
1.000000000000000000e+00 2.083696171335802649e-13
1.000000000000000000e+00 6.270796951911528117e-22
1.000000000000000000e+00 1.241613674711807224e-22
1.000000000000000000e+00 2.966757092791104114e-18
1.000000000000000000e+00 1.126677566067857384e-17
1.000000000000000000e+00 1.056805330212288743e-18
1.000000000000000000e+00 5.638262151032139932e-23
1.000000000000000000e+00 1.711333154111569433e-24
1.000000000000000000e+00 7.169018464838670219e-22
1.000000000000000000e+00 6.661698659299024906e-21
1.000000000000000000e+00 8.021056501033769933e-21
1.000000000000000000e+00 4.888843463390912802e-08
1.000000000000000000e+00 2.496623788680537876e-16
1.000000000000000000e+00 2.172854907538789178e-17
1.000000000000000000e+00 3.323697327356161507e-20
1.000000000000000000e+00 9.047368729155434826e-20
1.000000000000000000e+00 2.385683013986228396e-12
2.360228765901917214e-12 1.000000000000000000e+00
7.698053691652556164e-27 1.000000000000000000e+00
1.914502053876225312e-27 1.000000000000000000e+00
1.000000000000000000e+00 2.778754965576323963e-23
1.000000000000000000e+00 3.218855767082658394e-29
1.000000000000000000e+00 1.666383921361834401e-27
1.000000000000000000e+00 9.271585582954129136e-17
1.000000000000000000e+00 1.819729263108360584e-12
1.000000000000000000e+00 3.479226906577537193e-09
1.988993398845195770e-02 9.801047444343566895e-01
1.000000000000000000e+00 2.022151113223458196e-09
1.000000000000000000e+00 9.084203986561216128e-19
1.000000000000000000e+00 2.126563335147491074e-11
4.346332460603008485e-10 1.000000000000000000e+00
5.803695377665129131e-31 1.000000000000000000e+00
8.228894873329093402e-28 1.000000000000000000e+00
2.015533095965083823e-19 1.000000000000000000e+00
1.364119270874653012e-07 1.000000000000000000e+00
5.646369419991970062e-03 9.943549633026123047e-01
1.000000000000000000e+00 9.760361789623583917e-12
1.000000000000000000e+00 8.487058380524103995e-07
9.999847412109375000e-01 9.414662599738221616e-06
9.999542236328125000e-01 4.463200821192003787e-05
1.000000000000000000e+00 5.598895313596585765e-06
1.000000000000000000e+00 2.078186525977798738e-06
9.995118379592895508e-01 4.774437402375042439e-04
9.984143376350402832e-01 1.576696988195180893e-03
9.866168498992919922e-01 1.338182203471660614e-02
9.984447956085205078e-01 1.557258307002484798e-03
9.999847412109375000e-01 8.536644600098952651e-06
1.000000000000000000e+00 1.420695383558268077e-08
9.998931884765625000e-01 1.115186896640807390e-04
1.000000000000000000e+00 6.904224846948636696e-06
1.000000000000000000e+00 4.205503500998020172e-07
1.000000000000000000e+00 3.194900699554636958e-08
1.000000000000000000e+00 5.511660572388166202e-10
1.000000000000000000e+00 2.614743062570742092e-16
1.000000000000000000e+00 2.215650420018200150e-18
1.000000000000000000e+00 2.708352941823775596e-17
1.000000000000000000e+00 5.138222983756043222e-15
1.000000000000000000e+00 1.964945184340649575e-08
1.000000000000000000e+00 1.028566381372497673e-11
1.000000000000000000e+00 2.197425976762431844e-19
1.000000000000000000e+00 8.521293987124835640e-27
1.000000000000000000e+00 1.994807330577057296e-31
1.000000000000000000e+00 2.584901498009052829e-31
1.000000000000000000e+00 9.488097632605640061e-30
1.000000000000000000e+00 2.283259463104998331e-29
1.000000000000000000e+00 3.830574511029103975e-28
1.000000000000000000e+00 5.106258385712089025e-29
1.000000000000000000e+00 9.291457928334549702e-30
1.000000000000000000e+00 2.149435807145239758e-30
1.000000000000000000e+00 1.792000475127993661e-29
1.000000000000000000e+00 3.085656547865604649e-26
1.000000000000000000e+00 2.205007280946936410e-20
1.000000000000000000e+00 4.382344320918571867e-17
1.000000000000000000e+00 8.253899319629728806e-18
1.076292961005309579e-11 1.000000000000000000e+00
1.755870712296194770e-16 1.000000000000000000e+00
3.371495574042149279e-12 1.000000000000000000e+00
1.647751405835151672e-02 9.835204482078552246e-01
9.210885763168334961e-01 7.891869544982910156e-02
6.729272007942199707e-01 3.270739614963531494e-01
2.212066792760258860e-13 1.000000000000000000e+00
7.547337998710726414e-14 1.000000000000000000e+00
9.778503226698376238e-06 9.999847412109375000e-01
9.932631254196166992e-01 6.739643868058919907e-03
1.000000000000000000e+00 4.141815335145793142e-09
1.000000000000000000e+00 1.889461316295637516e-07
1.000000000000000000e+00 1.705886802483291831e-06
5.022461409680545330e-04 9.994965791702270508e-01
9.334000239391571085e-11 1.000000000000000000e+00
8.406604138144757599e-06 1.000000000000000000e+00
4.511936072155997568e-13 1.000000000000000000e+00
1.109591238900339459e-24 1.000000000000000000e+00
1.635603716513801442e-30 1.000000000000000000e+00
2.914262957659531348e-25 1.000000000000000000e+00
6.986785567573123155e-20 1.000000000000000000e+00
2.358664930035558882e-10 1.000000000000000000e+00
7.980366652335542377e-15 1.000000000000000000e+00
7.354175794536413157e-18 1.000000000000000000e+00
1.259248392002478359e-14 1.000000000000000000e+00
2.116548987940100601e-14 1.000000000000000000e+00
1.569794544428667277e-19 1.000000000000000000e+00
2.585083686159268096e-20 1.000000000000000000e+00
4.427642270456999540e-04 9.995576143264770508e-01
1.000000000000000000e+00 6.427659227658014899e-16
1.000000000000000000e+00 6.604374066870388149e-25
1.000000000000000000e+00 2.415169151853663296e-26
1.000000000000000000e+00 1.467810047777313474e-27
1.000000000000000000e+00 8.904123500566967919e-25
1.000000000000000000e+00 1.951884856551578556e-17
9.999542236328125000e-01 3.939301677746698260e-05
3.347523147567699198e-09 1.000000000000000000e+00
3.152067495904020689e-10 1.000000000000000000e+00
9.281420632056835984e-10 1.000000000000000000e+00
5.827753102143062858e-13 1.000000000000000000e+00
5.962820515126310283e-11 1.000000000000000000e+00
1.316670990986201772e-11 1.000000000000000000e+00
3.083812968101228534e-16 1.000000000000000000e+00
9.452883354549301842e-13 1.000000000000000000e+00
8.692341009301773891e-13 1.000000000000000000e+00
4.429525546356671839e-08 1.000000000000000000e+00
7.282630801200866699e-01 2.717357873916625977e-01
1.000000000000000000e+00 2.103451635093733785e-08
1.000000000000000000e+00 4.536522647641228704e-16
1.000000000000000000e+00 2.132195732415044212e-23
1.000000000000000000e+00 9.530275400746002841e-17
9.578098058700561523e-01 4.219639301300048828e-02
1.255825511179864407e-03 9.987495541572570801e-01
9.999389648437500000e-01 6.692394526908174157e-05
1.000000000000000000e+00 3.289521007391243762e-16
1.000000000000000000e+00 2.124277361218601915e-18
1.000000000000000000e+00 6.129333065582192745e-18
1.000000000000000000e+00 3.220332062529710900e-20
1.000000000000000000e+00 1.990163201880286448e-16
1.000000000000000000e+00 4.702365409493987347e-14
9.893605709075927734e-01 1.063543558120727539e-02
1.980658173561096191e-01 8.019302487373352051e-01
5.142899462953209877e-04 9.994813203811645508e-01
1.448586408514529467e-04 9.998626708984375000e-01
3.314648278074372456e-10 1.000000000000000000e+00
1.129820614167542474e-15 1.000000000000000000e+00
9.218844220990063398e-13 1.000000000000000000e+00
8.791992440819740295e-04 9.991154074668884277e-01
9.579412937164306641e-01 4.205176979303359985e-02
9.135441184043884277e-01 8.644276857376098633e-02
4.744903743267059326e-01 5.255015492439270020e-01
1.218964010477066040e-01 8.780911564826965332e-01
6.598734855651855469e-02 9.340102672576904297e-01
9.853380322456359863e-01 1.467218436300754547e-02
1.000000000000000000e+00 3.957026365242199972e-06
9.999389648437500000e-01 6.279348599491640925e-05
1.215498894453048706e-03 9.987800121307373047e-01
2.788158072475344085e-11 1.000000000000000000e+00
9.988715052604675293e-01 1.142535242252051830e-03
1.000000000000000000e+00 4.025360600401484135e-11
1.000000000000000000e+00 3.577655834481824684e-15
1.000000000000000000e+00 1.515352178998023650e-18
1.000000000000000000e+00 7.634074688670269002e-18
1.000000000000000000e+00 1.140092698524181131e-18
1.000000000000000000e+00 2.437695206742020460e-21
1.000000000000000000e+00 4.127396337345643038e-18
1.000000000000000000e+00 2.903409947120568148e-18
8.956101373769342899e-04 9.991154074668884277e-01
1.000000000000000000e+00 1.606807048526448511e-11
1.000000000000000000e+00 4.122396593025576522e-16
1.000000000000000000e+00 1.028001763909850059e-18
1.000000000000000000e+00 7.148459310766319528e-21
1.000000000000000000e+00 2.349475505840316418e-20
1.000000000000000000e+00 6.810178777242464898e-16
1.000000000000000000e+00 1.014071049354470233e-08
4.632725715637207031e-01 5.367172360420227051e-01
1.024086414627700670e-13 1.000000000000000000e+00
1.000805489913061818e-22 1.000000000000000000e+00
5.226920789907773480e-18 1.000000000000000000e+00
1.000000000000000000e+00 5.723453796235844493e-06
1.000000000000000000e+00 4.032333820146172254e-13
1.000000000000000000e+00 5.284317893900703624e-26
1.000000000000000000e+00 1.736423839439744866e-35
1.000000000000000000e+00 1.158960230696817671e-35
1.000000000000000000e+00 3.368636542563868968e-30
1.000000000000000000e+00 2.447196253795389568e-23
1.000000000000000000e+00 5.347743258891281049e-21
1.000000000000000000e+00 1.181580976122543926e-18
1.699658423603978008e-05 9.999847412109375000e-01
3.120694024374981446e-12 1.000000000000000000e+00
7.513227262556654296e-10 1.000000000000000000e+00
5.838724609930068254e-05 9.999389648437500000e-01
4.684138730226550251e-07 1.000000000000000000e+00
3.671886132281497461e-14 1.000000000000000000e+00
2.005684993784757183e-19 1.000000000000000000e+00
2.259138598194485255e-22 1.000000000000000000e+00
1.939963364127341810e-17 1.000000000000000000e+00
3.319562142596360794e-15 1.000000000000000000e+00
3.181036944965853763e-08 1.000000000000000000e+00
1.763469391926453895e-16 1.000000000000000000e+00
1.000000000000000000e+00 8.232156682675892401e-14
1.000000000000000000e+00 3.769070965704487963e-14
1.000000000000000000e+00 3.006469685032954052e-20
1.000000000000000000e+00 1.011979365425328206e-25
1.000000000000000000e+00 1.048733504335223113e-25
1.000000000000000000e+00 1.324360040296389321e-23
1.000000000000000000e+00 6.387998569433936220e-20
1.000000000000000000e+00 2.394929565176245457e-19
1.000000000000000000e+00 4.504061120132030724e-20
1.000000000000000000e+00 1.602962703383847869e-18
1.000000000000000000e+00 1.486771827868558541e-21
1.000000000000000000e+00 1.118299821531872506e-21
1.000000000000000000e+00 9.029262844145900097e-21
1.000000000000000000e+00 1.288286370413089516e-19
1.000000000000000000e+00 2.150517259056264189e-16
1.000000000000000000e+00 7.372464923316083109e-17
1.000000000000000000e+00 7.402594679343306623e-16
1.000000000000000000e+00 3.449754759418931791e-17
1.000000000000000000e+00 4.607931739083678813e-14
1.000000000000000000e+00 4.234642286349635243e-14
1.000000000000000000e+00 6.982849454477683715e-18
1.000000000000000000e+00 2.542654206012296726e-15
1.000000000000000000e+00 2.770263026616123187e-18
1.000000000000000000e+00 1.061784783791929333e-16
1.000000000000000000e+00 7.172432534168263728e-16
1.000000000000000000e+00 2.528557336110525150e-18
1.000000000000000000e+00 4.055505307751532205e-20
1.000000000000000000e+00 4.031113935559200050e-23
1.000000000000000000e+00 8.399915410904938895e-26
1.000000000000000000e+00 8.534414794192181678e-17
1.000000000000000000e+00 5.869870561836521006e-15
1.000000000000000000e+00 1.424239822215775386e-14
1.000000000000000000e+00 2.792699880678969250e-21
1.000000000000000000e+00 1.190180035577915494e-19
1.000000000000000000e+00 3.263843766078046183e-18
1.000000000000000000e+00 9.848059867589853411e-13
1.000000000000000000e+00 2.433272225203786387e-14
1.000000000000000000e+00 9.557269839038257091e-21
1.000000000000000000e+00 4.840089776447350088e-18
1.000000000000000000e+00 2.701713729148544159e-20
1.000000000000000000e+00 9.913183078789628750e-22
1.000000000000000000e+00 2.270159655572192228e-24
1.000000000000000000e+00 3.153096875246811375e-28
1.000000000000000000e+00 2.955150292091505061e-30
1.000000000000000000e+00 6.526770145912428299e-29
1.000000000000000000e+00 1.800946335460237305e-26
1.000000000000000000e+00 8.250851613304891012e-24
1.000000000000000000e+00 2.080715931917769335e-22
1.000000000000000000e+00 1.273486946031779448e-18
1.000000000000000000e+00 8.635158740136440506e-22
1.000000000000000000e+00 5.473201273876929928e-22
1.000000000000000000e+00 4.568940385242773892e-19
1.000000000000000000e+00 5.870812918528266291e-22
1.000000000000000000e+00 4.806053713778163508e-25
1.000000000000000000e+00 1.247666296415783551e-16
1.000000000000000000e+00 1.227787698730062328e-18
1.000000000000000000e+00 2.463582001726452190e-20
1.000000000000000000e+00 3.512893082051359037e-21
1.000000000000000000e+00 6.625764527928914898e-20
1.000000000000000000e+00 3.548236473985961205e-19
1.000000000000000000e+00 1.235506431218524337e-19
1.000000000000000000e+00 8.621343571826776177e-20
1.000000000000000000e+00 5.027179005852756228e-18
1.000000000000000000e+00 1.973111921810061737e-21
1.000000000000000000e+00 6.165560784677447991e-19
1.000000000000000000e+00 1.038926167318265925e-10
9.999847412109375000e-01 9.873108865576796234e-06
9.987038373947143555e-01 1.301952288486063480e-03
9.575467705726623535e-01 4.245472699403762817e-02
9.997101426124572754e-01 2.888957678806036711e-04
1.000000000000000000e+00 1.817513942394844353e-22
1.000000000000000000e+00 2.834969294656569132e-21
1.000000000000000000e+00 1.317261064461038630e-15
1.000000000000000000e+00 1.430636853427813548e-08
9.996796250343322754e-01 3.194175951648503542e-04
1.000000000000000000e+00 1.118722252613224555e-06
1.000000000000000000e+00 2.823493794323894690e-08
1.000000000000000000e+00 3.690554459256922826e-11
1.000000000000000000e+00 4.015808349223259520e-17
1.000000000000000000e+00 2.021086290289397319e-17
1.000000000000000000e+00 9.999593362491051392e-21
1.000000000000000000e+00 6.099410799539822033e-17
1.000000000000000000e+00 2.548061187891535349e-16
1.000000000000000000e+00 1.682342032076315102e-16
1.000000000000000000e+00 9.843049066313451674e-16
1.000000000000000000e+00 6.262019287844476298e-16
1.000000000000000000e+00 1.442897067543855117e-16
1.000000000000000000e+00 5.545410779742498616e-15
1.000000000000000000e+00 2.703289049316333348e-14
1.000000000000000000e+00 4.737932867399474601e-19
1.000000000000000000e+00 1.657745596161634535e-23
1.000000000000000000e+00 1.504588566957337181e-23
1.000000000000000000e+00 7.906157736363302594e-23
1.000000000000000000e+00 2.936139986310018335e-21
1.000000000000000000e+00 7.388466189590203155e-22
1.000000000000000000e+00 4.590237804474176696e-18
1.000000000000000000e+00 3.011290273923062887e-20
1.000000000000000000e+00 3.745361694417372060e-23
1.000000000000000000e+00 3.215214119250964231e-12
1.000000000000000000e+00 5.786965687464701302e-14
1.000000000000000000e+00 9.336970663298416184e-08
1.000000000000000000e+00 3.184155383806341888e-09
1.000000000000000000e+00 3.472696034814010124e-13
1.000000000000000000e+00 4.587515202495856627e-22
1.000000000000000000e+00 1.524701206824671054e-23
1.000000000000000000e+00 4.951048967422509844e-27
1.000000000000000000e+00 3.397737913246601238e-08
1.000000000000000000e+00 1.012135371070144174e-07
1.000000000000000000e+00 5.653618018186534755e-08
1.000000000000000000e+00 6.814653943365556188e-07
1.000000000000000000e+00 2.393154261426388985e-07
1.000000000000000000e+00 1.337612661557246660e-14
1.000000000000000000e+00 4.753468249881409583e-18
1.000000000000000000e+00 3.564201706043088196e-20
1.000000000000000000e+00 4.113542125141713926e-21
1.000000000000000000e+00 3.672258734134060747e-17
9.998245239257812500e-01 1.784390042303130031e-04
1.000000000000000000e+00 1.541197569565611047e-08
1.000000000000000000e+00 4.494057792339879680e-19
1.000000000000000000e+00 1.446216248917431137e-21
9.543522596359252930e-01 4.565512388944625854e-02
9.886060357093811035e-01 1.139015238732099533e-02
9.997558593750000000e-01 2.392874885117635131e-04
1.000000000000000000e+00 8.416928665155865019e-08
1.000000000000000000e+00 7.595068490576963450e-17
1.000000000000000000e+00 3.310389012351251912e-18
1.000000000000000000e+00 6.309997748606022030e-17
1.000000000000000000e+00 2.187356603768247269e-19
1.000000000000000000e+00 2.261357334026881105e-12
1.000000000000000000e+00 2.615483919938058066e-14
1.000000000000000000e+00 1.113754233844727039e-19
1.000000000000000000e+00 6.550329206253696630e-25
1.000000000000000000e+00 8.720081388562290779e-26
1.000000000000000000e+00 1.259711286905474463e-19
1.000000000000000000e+00 2.326286903553409502e-06
9.999694824218750000e-01 3.661985101643949747e-05
1.000000000000000000e+00 6.974449320296116639e-07
1.000000000000000000e+00 6.376816372721805237e-07
9.993288516998291016e-01 6.655203178524971008e-04
4.614468291401863098e-02 9.538573026657104492e-01
9.478795528411865234e-01 5.211712047457695007e-02
6.402981234714388847e-04 9.993593096733093262e-01
2.014342165290727849e-11 1.000000000000000000e+00
2.261271248374385756e-12 1.000000000000000000e+00
3.350220367792644538e-08 1.000000000000000000e+00
1.000000000000000000e+00 2.643206471475423314e-07
1.000000000000000000e+00 3.479786306420562933e-23
1.000000000000000000e+00 1.367627305258931159e-20
1.000000000000000000e+00 4.632847035879640726e-17
1.000000000000000000e+00 2.581169768211839105e-14
9.999084472656250000e-01 9.617766772862523794e-05
1.000000000000000000e+00 2.163248382203164510e-06
1.000000000000000000e+00 7.115358302556273884e-11
1.000000000000000000e+00 9.791089813915299089e-12
1.000000000000000000e+00 2.305697797809090274e-17
1.000000000000000000e+00 2.001186673944311124e-16
1.000000000000000000e+00 6.997698277051199684e-19
1.000000000000000000e+00 8.150476279132623514e-14
1.000000000000000000e+00 1.635800522814534474e-11
1.000000000000000000e+00 1.528049660308244354e-15
1.000000000000000000e+00 3.356514801953276901e-15
1.000000000000000000e+00 1.434309371068558190e-15
1.000000000000000000e+00 6.035119781699904706e-08
9.907277822494506836e-01 9.269671514630317688e-03
9.996033310890197754e-01 3.988644166383892298e-04
5.809498429298400879e-01 4.190430939197540283e-01
9.055422618985176086e-03 9.909470081329345703e-01
3.349653678014874458e-03 9.966486692428588867e-01
8.009056746959686279e-02 9.199087023735046387e-01
1.000000000000000000e+00 2.432873770885635167e-06
1.000000000000000000e+00 8.868277664189168763e-21
1.000000000000000000e+00 8.574163099866101817e-24
1.000000000000000000e+00 1.707969561652233769e-22
1.000000000000000000e+00 1.031023658857330314e-22
1.000000000000000000e+00 9.737148502732295812e-21
1.000000000000000000e+00 4.427954200462975100e-23
1.000000000000000000e+00 4.676549793437454958e-15
1.000000000000000000e+00 2.085194305137470334e-25
1.000000000000000000e+00 4.249742918682741788e-13
1.000000000000000000e+00 1.461645474792883093e-14
1.000000000000000000e+00 1.196044614599199064e-15
1.000000000000000000e+00 9.565731476652019752e-21
1.000000000000000000e+00 3.316521109027260644e-17
1.000000000000000000e+00 4.291911394244170776e-18
1.000000000000000000e+00 1.205387275510850690e-17
1.000000000000000000e+00 2.364354215160222267e-21
1.000000000000000000e+00 6.724668187326407611e-19
1.000000000000000000e+00 1.770824867221732629e-15
1.000000000000000000e+00 1.453519787144710103e-17
1.000000000000000000e+00 5.641710243116199249e-21
1.000000000000000000e+00 3.938555455739228022e-25
1.000000000000000000e+00 2.221478579569283147e-28
1.000000000000000000e+00 5.726355699822235927e-22
1.000000000000000000e+00 3.071395729469159081e-21
1.000000000000000000e+00 5.167619074420504665e-19
1.000000000000000000e+00 5.377052393563865745e-15
1.000000000000000000e+00 6.553354946563612815e-17
1.000000000000000000e+00 7.320891184060621583e-19
1.000000000000000000e+00 5.039803364467913078e-22
1.000000000000000000e+00 3.721306169973562526e-24
1.000000000000000000e+00 7.247605671741001263e-22
1.000000000000000000e+00 2.999159799486943448e-21
1.000000000000000000e+00 7.136524968608254654e-21
1.000000000000000000e+00 4.118768009758657506e-15
1.000000000000000000e+00 1.442894523480398039e-12
1.000000000000000000e+00 2.896058586221656253e-15
1.000000000000000000e+00 1.859890805141995937e-15
1.000000000000000000e+00 2.376926754625853078e-19
1.000000000000000000e+00 4.147689740259165462e-20
1.000000000000000000e+00 6.300851343739324124e-19
1.000000000000000000e+00 6.222627044559292248e-18
1.000000000000000000e+00 4.350623317029992211e-20
1.000000000000000000e+00 9.173542928868828515e-23
1.000000000000000000e+00 1.501012092494118575e-22
1.000000000000000000e+00 7.234969142100171232e-18
1.000000000000000000e+00 2.082508983721216415e-16
1.000000000000000000e+00 3.763028430525672263e-11
1.000000000000000000e+00 3.831664709979154711e-16
1.000000000000000000e+00 1.836964860844739559e-18
1.000000000000000000e+00 1.105143641116703395e-23
1.000000000000000000e+00 3.314346634035883903e-24
1.000000000000000000e+00 3.890618161749023387e-19
1.000000000000000000e+00 1.539442189865767452e-21
1.000000000000000000e+00 1.844936359048882459e-17
1.000000000000000000e+00 3.055985272262352347e-18
1.000000000000000000e+00 4.835851139814327851e-23
1.000000000000000000e+00 1.439752404701584309e-23
1.000000000000000000e+00 3.784384623914738148e-22
1.000000000000000000e+00 4.427012881143767454e-21
1.000000000000000000e+00 2.535633107560858468e-14
1.000000000000000000e+00 9.392343470354148904e-15
1.000000000000000000e+00 3.122238660105067232e-14
1.000000000000000000e+00 3.990093950956946059e-17
1.000000000000000000e+00 8.009804744439774696e-21
1.000000000000000000e+00 2.499918688942714226e-18
1.000000000000000000e+00 1.825735438127283254e-21
1.000000000000000000e+00 4.564958829316329104e-23
1.000000000000000000e+00 1.230612340536863911e-30
1.000000000000000000e+00 2.369919658921878517e-26
1.000000000000000000e+00 1.448664905904964724e-25
1.000000000000000000e+00 1.937644112347417405e-29
1.000000000000000000e+00 1.091856780478795349e-29
1.000000000000000000e+00 1.240457248012103007e-24
1.000000000000000000e+00 1.175721521008699089e-12
1.000000000000000000e+00 2.854146780029154229e-11
1.000000000000000000e+00 5.398497187475426173e-12
1.000000000000000000e+00 4.284858387052449101e-19
1.000000000000000000e+00 7.249557763271234022e-25
1.000000000000000000e+00 2.218956949863447218e-26
1.000000000000000000e+00 1.222276513248290233e-28
1.000000000000000000e+00 1.844151197366631187e-29
1.000000000000000000e+00 5.403467938063351011e-25
1.000000000000000000e+00 9.179515212358172463e-26
1.000000000000000000e+00 3.895180185384683569e-25
1.000000000000000000e+00 7.639744010105296993e-21
1.000000000000000000e+00 2.814084325773161168e-16
1.000000000000000000e+00 3.385853446571940317e-12
1.000000000000000000e+00 6.056564167298555284e-17
1.000000000000000000e+00 7.613085543109552461e-16
1.000000000000000000e+00 6.905608156058094544e-17
1.000000000000000000e+00 2.583734315473298292e-19
1.000000000000000000e+00 1.128342647553702126e-16
1.000000000000000000e+00 1.116436328930622054e-15
1.000000000000000000e+00 1.263429050168594046e-15
1.000000000000000000e+00 6.542714095163730667e-17
1.000000000000000000e+00 1.903032396754809295e-21
1.000000000000000000e+00 8.437185197620216700e-22
1.000000000000000000e+00 2.500823676231635523e-19
1.000000000000000000e+00 2.653332414892517477e-12
9.999923706054687500e-01 6.861584552098065615e-06
1.000000000000000000e+00 2.367164472434078814e-18
1.000000000000000000e+00 2.594890579003212459e-23
1.000000000000000000e+00 3.429828881252619773e-21
1.000000000000000000e+00 3.779009525130599014e-19
1.000000000000000000e+00 3.451355206562675288e-20
1.000000000000000000e+00 1.027048454962931068e-12
1.000000000000000000e+00 9.490054821981175337e-07
1.000000000000000000e+00 2.234604862261235780e-10
1.000000000000000000e+00 2.807837241793759153e-13
1.000000000000000000e+00 5.728970204481014373e-17
1.000000000000000000e+00 6.831552847165329928e-20
1.000000000000000000e+00 5.144174707909220479e-19
1.000000000000000000e+00 1.909736915318722278e-14
1.000000000000000000e+00 5.629025213614233247e-14
1.000000000000000000e+00 7.595391024841410127e-16
1.000000000000000000e+00 1.279808156875333116e-18
1.000000000000000000e+00 2.861410115174435355e-24
1.000000000000000000e+00 2.319390002901250941e-31
1.000000000000000000e+00 1.453370195097137316e-32
1.000000000000000000e+00 3.655301850871378771e-34
1.000000000000000000e+00 1.065823934958285476e-36
1.000000000000000000e+00 5.740027378476763341e-36
1.000000000000000000e+00 6.235148971127735391e-33
1.000000000000000000e+00 7.717915047329473356e-31
1.000000000000000000e+00 2.461993766590465177e-28
1.000000000000000000e+00 8.554895361582695856e-22
1.000000000000000000e+00 4.708202509844155605e-20
1.000000000000000000e+00 1.493082202161411624e-19
1.000000000000000000e+00 5.776235304682294375e-18
9.999542236328125000e-01 4.039493796881288290e-05
1.131598537540412508e-06 1.000000000000000000e+00
7.377808364239513139e-10 1.000000000000000000e+00
1.048806042014405193e-09 1.000000000000000000e+00
1.535174114566939529e-12 1.000000000000000000e+00
9.998626708984375000e-01 1.400573091814294457e-04
1.000000000000000000e+00 2.485429195786537093e-09
1.000000000000000000e+00 4.511532036843846072e-09
2.081625163555145264e-03 9.979117512702941895e-01
3.877494817253777720e-17 1.000000000000000000e+00
4.077048839064563677e-21 1.000000000000000000e+00
3.607759230250806581e-11 1.000000000000000000e+00
1.000000000000000000e+00 9.487470808977604975e-10
1.000000000000000000e+00 1.726545306696617820e-17
1.000000000000000000e+00 2.239163218754240312e-31
1.000000000000000000e+00 1.491414197324287150e-34
1.000000000000000000e+00 6.180817599273855223e-35
1.000000000000000000e+00 1.759201131744464281e-33
1.000000000000000000e+00 7.970122592658849521e-28
1.000000000000000000e+00 1.663206049020403161e-15
1.000000000000000000e+00 7.976063413943580211e-18
1.000000000000000000e+00 9.492601149574397823e-12
1.000000000000000000e+00 3.220216358723020324e-23
1.000000000000000000e+00 9.706377190074867115e-19
1.000000000000000000e+00 2.060433055184503204e-14
1.000000000000000000e+00 3.888510173577497397e-12
1.000000000000000000e+00 1.697816725805632171e-14
1.000000000000000000e+00 5.739079836896833594e-23
1.000000000000000000e+00 3.652286601993559633e-29
1.000000000000000000e+00 1.836090907834681215e-31
1.000000000000000000e+00 1.644828070829901787e-28
1.000000000000000000e+00 3.506627431249339936e-21
1.000000000000000000e+00 8.633656801479481551e-19
1.000000000000000000e+00 1.566731520469777558e-19
1.000000000000000000e+00 2.057628434467974609e-22
1.000000000000000000e+00 7.638580493487392224e-28
1.000000000000000000e+00 9.779299100846934020e-26
1.000000000000000000e+00 3.301593873932201197e-21
1.000000000000000000e+00 1.114405018191653134e-18
1.000000000000000000e+00 4.536774168145685238e-12
1.000000000000000000e+00 1.973962753254454583e-06
1.000000000000000000e+00 1.932778701529969112e-07
1.000000000000000000e+00 6.521475633819440176e-12
1.000000000000000000e+00 1.062641389270278791e-13
1.000000000000000000e+00 8.142059075566532300e-13
1.000000000000000000e+00 1.813806549399998858e-09
1.000000000000000000e+00 1.272439363145011666e-16
1.000000000000000000e+00 1.176575226136122865e-10
1.000000000000000000e+00 6.477103298152542266e-10
1.000000000000000000e+00 4.741794200265611950e-15
1.000000000000000000e+00 3.875245216859878506e-18
1.000000000000000000e+00 1.091483946815385306e-18
1.000000000000000000e+00 1.321798688201880452e-19
1.000000000000000000e+00 1.465538186362646850e-20
1.000000000000000000e+00 8.238451607343335080e-26
1.000000000000000000e+00 7.368386346615003846e-25
1.000000000000000000e+00 1.663148504501493244e-23
1.000000000000000000e+00 4.056973149442030356e-21
1.000000000000000000e+00 7.691862043251106361e-19
1.000000000000000000e+00 1.560599656438316106e-19
1.000000000000000000e+00 1.256569830608855326e-23
1.000000000000000000e+00 1.029152971847855421e-15
1.000000000000000000e+00 1.542622038132120048e-29
1.000000000000000000e+00 9.074707452935580158e-28
1.000000000000000000e+00 3.431312825772382335e-33
1.000000000000000000e+00 3.864826296760652031e-31
1.000000000000000000e+00 1.196607117096389533e-28
1.000000000000000000e+00 2.060125904985031915e-22
1.000000000000000000e+00 3.949192012450968958e-25
1.000000000000000000e+00 1.486169295909150732e-23
1.000000000000000000e+00 3.898751910905252745e-23
1.000000000000000000e+00 6.359220950753337559e-17
1.000000000000000000e+00 6.270951813380776230e-11
1.000000000000000000e+00 6.734447201284243789e-12
1.242749914526939392e-01 8.757227659225463867e-01
1.558396149903273908e-07 1.000000000000000000e+00
3.582660865504294634e-04 9.996491074562072754e-01
1.049044803949072957e-04 9.998931884765625000e-01
5.749004483222961426e-01 4.251033365726470947e-01
1.000000000000000000e+00 1.165879198739006029e-10
1.000000000000000000e+00 5.986596598877389906e-17
1.000000000000000000e+00 1.978816938633071127e-22
1.000000000000000000e+00 5.534289276849719056e-17
1.000000000000000000e+00 4.616346367669610373e-12
3.091773949563503265e-02 9.690853357315063477e-01
9.081478680172949680e-09 1.000000000000000000e+00
3.860646302200620994e-06 1.000000000000000000e+00
2.994978567585349083e-04 9.996948838233947754e-01
2.745137635429273359e-06 1.000000000000000000e+00
9.568677938887049095e-08 1.000000000000000000e+00
2.344886958599090576e-01 7.655108571052551270e-01
1.000000000000000000e+00 2.094370356658532806e-17
1.000000000000000000e+00 9.709772455469486974e-14
1.000000000000000000e+00 2.349377420038378794e-12
1.000000000000000000e+00 1.359036754661202551e-11
1.000000000000000000e+00 2.080893806041726996e-19
1.000000000000000000e+00 1.428487569582641413e-24
1.000000000000000000e+00 3.605846836207894932e-26
1.000000000000000000e+00 1.530119892382634184e-23
1.000000000000000000e+00 5.469480706080763652e-24
1.000000000000000000e+00 1.241944586084329334e-23
1.000000000000000000e+00 6.249638314038307392e-22
1.000000000000000000e+00 3.903801923648558825e-13
1.000000000000000000e+00 2.721899650115489067e-10
1.000000000000000000e+00 1.916110325961284389e-11
1.000000000000000000e+00 1.243944253159767754e-10
1.000000000000000000e+00 9.326284059012055665e-17
1.000000000000000000e+00 4.230021426278333116e-23
1.000000000000000000e+00 1.101311417948012137e-20
1.000000000000000000e+00 9.466464206751824627e-18
1.000000000000000000e+00 1.588312507554921196e-17
6.973589211702346802e-02 9.302695393562316895e-01
1.000000000000000000e+00 3.402863342216733145e-07
1.000000000000000000e+00 3.307803821687980831e-24
1.000000000000000000e+00 2.564374204859552317e-24
1.000000000000000000e+00 6.624341019164292285e-15
1.000000000000000000e+00 2.757339245818002382e-09
6.526813507080078125e-01 3.473141193389892578e-01
4.245708987582474947e-05 9.999542236328125000e-01
1.000000000000000000e+00 3.184888266202605400e-14
1.000000000000000000e+00 4.389536490908597932e-18
1.000000000000000000e+00 1.235344614011193651e-14
1.257349853403866291e-03 9.987495541572570801e-01
9.378288076677954166e-12 1.000000000000000000e+00
1.370267856904620711e-15 1.000000000000000000e+00
5.990337047568808756e-19 1.000000000000000000e+00
3.516734882339800654e-17 1.000000000000000000e+00
7.839113823138177395e-04 9.992220997810363770e-01
8.658798038959503174e-02 9.134187102317810059e-01
2.265392984313052693e-09 1.000000000000000000e+00
3.537774673906257661e-12 1.000000000000000000e+00
1.455813822357626686e-14 1.000000000000000000e+00
6.242318889678117374e-16 1.000000000000000000e+00
1.942402571522994920e-14 1.000000000000000000e+00
4.880709118110226896e-12 1.000000000000000000e+00
8.702404797077178955e-03 9.912948012351989746e-01
1.000000000000000000e+00 6.678055228803714272e-07
1.000000000000000000e+00 8.301833608946564206e-18
1.000000000000000000e+00 1.367804696726232570e-20
1.000000000000000000e+00 4.534644507694045029e-20
1.000000000000000000e+00 2.199381018140200925e-18
1.000000000000000000e+00 5.676910765449377024e-17
1.000000000000000000e+00 5.328129888112825494e-15
1.000000000000000000e+00 3.529341114875108795e-17
1.000000000000000000e+00 3.459097599001595728e-17
1.000000000000000000e+00 2.767470277831307612e-06
3.118041935756821204e-11 1.000000000000000000e+00
4.177063154999632877e-13 1.000000000000000000e+00
4.319418439990840852e-05 9.999542236328125000e-01
4.319822788238525391e-01 5.680206418037414551e-01
1.000000000000000000e+00 4.307388280722079799e-06
1.000000000000000000e+00 1.029267124863508798e-07
1.000000000000000000e+00 2.663318809936754405e-06
4.662668332457542419e-02 9.533771276473999023e-01
2.119399233890817413e-08 1.000000000000000000e+00
7.573360341628365688e-12 1.000000000000000000e+00
2.441094895666573450e-11 1.000000000000000000e+00
1.159153915702374610e-14 1.000000000000000000e+00
9.193668396023646494e-12 1.000000000000000000e+00
1.437693983316421509e-01 8.562332987785339355e-01
9.997863769531250000e-01 2.003994886763393879e-04
9.834904670715332031e-01 1.650217175483703613e-02
1.000000000000000000e+00 8.810626406668490520e-19
1.000000000000000000e+00 2.402511606472379861e-22
1.000000000000000000e+00 1.203043211090997920e-19
1.000000000000000000e+00 1.788095973757992878e-20
1.000000000000000000e+00 3.086994627143675918e-21
1.000000000000000000e+00 2.753667457082836646e-19
1.000000000000000000e+00 7.545075675352563849e-11
1.010911390185356140e-01 8.989144563674926758e-01
1.634590007597580552e-04 9.998321533203125000e-01
6.839573529759945814e-08 1.000000000000000000e+00
2.918953598794737925e-13 1.000000000000000000e+00
1.081755657272864823e-10 1.000000000000000000e+00
7.621591910719871521e-03 9.923844933509826660e-01
1.111687015509232879e-04 9.998931884765625000e-01
1.535167029942385852e-06 1.000000000000000000e+00
4.169989153979258845e-08 1.000000000000000000e+00
2.599863213603725853e-09 1.000000000000000000e+00
1.486442187115244451e-07 1.000000000000000000e+00
2.924306283236255410e-11 1.000000000000000000e+00
