9.993344545364379883e-01 6.656243931502103806e-04
6.075153127312660217e-03 9.939247965812683105e-01
9.994448423385620117e-01 5.552009097300469875e-04
9.985242486000061035e-01 1.475751283578574657e-03
1.808945089578628540e-02 9.819105267524719238e-01
2.681224793195724487e-02 9.731877446174621582e-01
5.294938106089830399e-03 9.947050213813781738e-01
9.960659146308898926e-01 3.934060689061880112e-03
9.995735883712768555e-01 4.265217576175928116e-04
5.986758973449468613e-03 9.940132498741149902e-01
5.817100405693054199e-02 9.418290257453918457e-01
2.204734133556485176e-03 9.977952241897583008e-01
9.999351501464843750e-01 6.499308801721781492e-05
9.997349381446838379e-01 2.650406968314200640e-04
6.260812282562255859e-02 9.373918771743774414e-01
9.140268899500370026e-03 9.908597469329833984e-01
7.147020101547241211e-02 9.285298585891723633e-01
1.016158424317836761e-02 9.898383617401123047e-01
1.018009614199399948e-02 9.898198843002319336e-01
1.046929042786359787e-02 9.895306825637817383e-01
9.998896121978759766e-01 1.103481918107718229e-04
1.218409687280654907e-01 8.781589865684509277e-01
4.073634743690490723e-03 9.959263801574707031e-01
3.915339242666959763e-03 9.960846900939941406e-01
9.994804859161376953e-01 5.195107660256326199e-04
1.068725436925888062e-02 9.893127083778381348e-01
4.342871718108654022e-03 9.956570863723754883e-01
9.999427795410156250e-01 5.726437666453421116e-05
1.589930267073214054e-03 9.984100461006164551e-01
2.255277009680867195e-03 9.977447986602783203e-01
1.420276938006281853e-03 9.985796809196472168e-01
2.052767900750041008e-03 9.979472756385803223e-01
1.909733167849481106e-03 9.980902075767517090e-01
2.025700546801090240e-02 9.797430634498596191e-01
9.999630451202392578e-01 3.708499207277782261e-05
3.404921852052211761e-03 9.965950846672058105e-01
1.840772628784179688e-01 8.159226775169372559e-01
2.247065305709838867e-02 9.775294065475463867e-01
2.801402285695075989e-02 9.719858765602111816e-01
1.792438677512109280e-03 9.982076287269592285e-01
2.450058469548821449e-03 9.975499510765075684e-01
1.629050821065902710e-02 9.837095141410827637e-01
1.133098639547824860e-02 9.886689782142639160e-01
9.678218513727188110e-02 9.032179713249206543e-01
2.855077199637889862e-02 9.714493155479431152e-01
1.591782085597515106e-02 9.840822219848632812e-01
6.892817560583353043e-03 9.931072592735290527e-01
1.084958761930465698e-02 9.891504645347595215e-01
9.998943805694580078e-01 1.056252658599987626e-04
6.701578851789236069e-03 9.932984709739685059e-01
7.687440607696771622e-03 9.923124909400939941e-01
5.423502996563911438e-03 9.945764541625976562e-01
1.665177196264266968e-02 9.833481311798095703e-01
2.970393747091293335e-03 9.970295429229736328e-01
2.945475280284881592e-03 9.970545768737792969e-01
9.997676610946655273e-01 2.322682412341237068e-04
7.767694536596536636e-03 9.922323226928710938e-01
1.211480237543582916e-02 9.878851175308227539e-01
7.974866032600402832e-02 9.202513694763183594e-01
6.492674350738525391e-03 9.935073852539062500e-01
1.173995342105627060e-02 9.882600307464599609e-01
5.871138069778680801e-03 9.941288232803344727e-01
1.401129644364118576e-02 9.859887361526489258e-01
7.584890816360712051e-03 9.924151301383972168e-01
1.497302297502756119e-02 9.850269556045532227e-01
4.887011274695396423e-02 9.511299133300781250e-01
1.222297996282577515e-01 8.777700662612915039e-01
1.002542302012443542e-02 9.899746179580688477e-01
3.212170209735631943e-03 9.967879056930541992e-01
2.244900912046432495e-03 9.977550506591796875e-01
2.269879728555679321e-02 9.773011803627014160e-01
1.740601263009011745e-03 9.982593655586242676e-01
9.982351064682006836e-01 1.764849759638309479e-03
1.182322669774293900e-02 9.881768226623535156e-01
1.504078856669366360e-03 9.984959959983825684e-01
4.790597409009933472e-02 9.520939588546752930e-01
5.005964040756225586e-01 4.994038343429565430e-01
9.998426437377929688e-01 1.573703775648027658e-04
4.487580154091119766e-03 9.955124258995056152e-01
3.454568609595298767e-02 9.654543399810791016e-01
8.152076601982116699e-02 9.184793829917907715e-01
5.032873153686523438e-02 9.496713280677795410e-01
9.470080733299255371e-01 5.299191921949386597e-02
2.080872468650341034e-02 9.791912436485290527e-01
6.581241488456726074e-01 3.418758809566497803e-01
1.348834037780761719e-01 8.651167750358581543e-01
6.071087718009948730e-01 3.928913176059722900e-01
9.999580383300781250e-01 4.203182106721214950e-05
1.471200585365295410e-02 9.852880239486694336e-01
1.010772027075290680e-02 9.898923635482788086e-01
9.999451637268066406e-01 5.479526225826703012e-05
1.722687622532248497e-03 9.982772469520568848e-01
1.420801971107721329e-03 9.985790848731994629e-01
3.131394460797309875e-02 9.686860442161560059e-01
5.751162301748991013e-03 9.942488670349121094e-01
8.287131041288375854e-02 9.171288013458251953e-01
2.998006343841552734e-01 7.001991271972656250e-01
2.074745111167430878e-02 9.792524576187133789e-01
9.994311928749084473e-01 5.687675438821315765e-04
5.248301662504673004e-03 9.947517514228820801e-01
3.315875306725502014e-02 9.668412208557128906e-01
3.029027022421360016e-03 9.969708919525146484e-01
6.035685073584318161e-03 9.939643740653991699e-01
2.974970731884241104e-03 9.970250725746154785e-01
4.519117251038551331e-02 9.548088312149047852e-01
1.915079657919704914e-03 9.980848431587219238e-01
2.688613161444664001e-02 9.731139540672302246e-01
1.497171632945537567e-02 9.850282669067382812e-01
1.098379306495189667e-02 9.890161752700805664e-01
2.771782688796520233e-02 9.722822904586791992e-01
1.467820955440402031e-03 9.985321760177612305e-01
9.999067783355712891e-01 9.335079084848985076e-05
1.529081491753458977e-03 9.984709024429321289e-01
1.812920556403696537e-03 9.981871843338012695e-01
3.186394926160573959e-03 9.968135952949523926e-01
2.306530810892581940e-02 9.769347310066223145e-01
4.740850999951362610e-03 9.952591061592102051e-01
5.398819223046302795e-02 9.460117816925048828e-01
1.656859181821346283e-03 9.983431696891784668e-01
4.369105212390422821e-03 9.956308603286743164e-01
1.416401006281375885e-03 9.985836148262023926e-01
3.427224932238459587e-03 9.965727329254150391e-01
7.952943444252014160e-01 2.047057598829269409e-01
1.467187656089663506e-03 9.985327720642089844e-01
9.997601509094238281e-01 2.397397620370611548e-04
1.807059645652770996e-01 8.192940354347229004e-01
2.090214053168892860e-03 9.979097247123718262e-01
2.980862278491258621e-03 9.970191717147827148e-01
7.764942944049835205e-03 9.922350049018859863e-01
9.999506473541259766e-01 4.946205444866791368e-05
9.999532699584960938e-01 4.680749771068803966e-05
9.998629093170166016e-01 1.371949329040944576e-04
2.902559563517570496e-02 9.709743857383728027e-01
9.999659061431884766e-01 3.416188701521605253e-05
1.293611228466033936e-01 8.706389665603637695e-01
9.877436757087707520e-01 1.225646212697029114e-02
9.996911883354187012e-01 3.087401273660361767e-04
6.911003962159156799e-03 9.930890202522277832e-01
1.740246894769370556e-03 9.982597231864929199e-01
2.835135906934738159e-03 9.971649646759033203e-01
9.998161792755126953e-01 1.837412419263273478e-04
9.990642666816711426e-01 9.357148665003478527e-04
9.998528957366943359e-01 1.472561998525634408e-04
9.999661445617675781e-01 3.381431815796531737e-05
3.017987823113799095e-03 9.969820976257324219e-01
9.999644756317138672e-01 3.565537917893379927e-05
9.999232292175292969e-01 7.690552592976018786e-05
9.996653199195861816e-01 3.345938748680055141e-04
9.998729228973388672e-01 1.272393710678443313e-04
9.999673366546630859e-01 3.269089575042016804e-05
9.998972415924072266e-01 1.029057675623334944e-04
9.994387030601501465e-01 5.612238892354071140e-04
9.999539852142333984e-01 4.605176582117564976e-05
2.237111795693635941e-03 9.977629184722900391e-01
9.999659061431884766e-01 3.421973087824881077e-05
8.788895606994628906e-01 1.211103126406669617e-01
9.996806979179382324e-01 3.192388394381850958e-04
3.305757883936166763e-03 9.966942071914672852e-01
9.998900890350341797e-01 1.099588771467097104e-04
9.985909461975097656e-01 1.409034826792776585e-03
8.562387824058532715e-01 1.437612026929855347e-01
9.997032284736633301e-01 2.966871543321758509e-04
9.993206262588500977e-01 6.793740321882069111e-04
1.672702282667160034e-02 9.832730293273925781e-01
9.995222091674804688e-01 4.778409493155777454e-04
9.999229907989501953e-01 7.704904419369995594e-05
6.436636205762624741e-03 9.935634136199951172e-01
9.999339580535888672e-01 6.617119652219116688e-05
9.999678134918212891e-01 3.234339237678796053e-05
9.998106956481933594e-01 1.892132859211415052e-04
9.988602399826049805e-01 1.139741623774170876e-03
9.994122982025146484e-01 5.877412622794508934e-04
9.999389648437500000e-01 6.115734140621498227e-05
9.999592304229736328e-01 4.077863559359684587e-05
6.372139323502779007e-03 9.936279058456420898e-01
9.963729977607727051e-01 3.626953111961483955e-03
9.999654293060302734e-01 3.471117815934121609e-05
9.999482631683349609e-01 5.183188477531075478e-05
9.990032315254211426e-01 9.968358790501952171e-04
9.999291896820068359e-01 7.076671317918226123e-05
9.996274113655090332e-01 3.726308641489595175e-04
9.999575614929199219e-01 4.259920751792378724e-05
9.769856929779052734e-01 2.301437593996524811e-02
8.680531382560729980e-01 1.319467872381210327e-01
9.978601932525634766e-01 2.139793243259191513e-03
9.997376799583435059e-01 2.623376203700900078e-04
9.999489784240722656e-01 5.117172622703947127e-05
9.893624782562255859e-01 1.063741929829120636e-02
9.999408721923828125e-01 5.909324681852012873e-05
9.998260736465454102e-01 1.739139406709000468e-04
9.999504089355468750e-01 4.953560346621088684e-05
9.964663982391357422e-01 3.533559152856469154e-03
2.018683776259422302e-02 9.798131585121154785e-01
9.997227787971496582e-01 2.771897416096180677e-04
9.996051788330078125e-01 3.947916266042739153e-04
9.944328665733337402e-01 5.567143671214580536e-03
9.955359697341918945e-01 4.464011639356613159e-03
3.042059950530529022e-03 9.969578981399536133e-01
9.999144077301025391e-01 8.561417052987962961e-05
9.996564984321594238e-01 3.434221434872597456e-04
9.960761070251464844e-01 3.923962824046611786e-03
9.790409207344055176e-01 2.095905318856239319e-02
9.997729063034057617e-01 2.270957920700311661e-04
8.507922887802124023e-01 1.492075622081756592e-01
2.862582914531230927e-03 9.971374273300170898e-01
9.987480640411376953e-01 1.251973211765289307e-03
9.996449947357177734e-01 3.550254041329026222e-04
9.767623543739318848e-01 2.323742769658565521e-02
9.999580383300781250e-01 4.198598981020040810e-05
9.993252754211425781e-01 6.747109582647681236e-04
9.959516525268554688e-01 4.048312082886695862e-03
9.988264441490173340e-01 1.173548633232712746e-03
9.997963905334472656e-01 2.036100631812587380e-04
9.999265670776367188e-01 7.358146103797480464e-05
3.207622841000556946e-02 9.679237604141235352e-01
9.998733997344970703e-01 1.266998006030917168e-04
9.998397827148437500e-01 1.601601979928091168e-04
9.999649524688720703e-01 3.506568828015588224e-05
9.993909597396850586e-01 6.090064416639506817e-04
9.999480247497558594e-01 5.200379382586106658e-05
9.996336102485656738e-01 3.663768584374338388e-04
9.999473094940185547e-01 5.280701952870003879e-05
9.986093044281005859e-01 1.390695921145379543e-03
2.689175494015216827e-02 9.731083512306213379e-01
9.999599456787109375e-01 4.019814150524325669e-05
9.992440938949584961e-01 7.559236837550997734e-04
9.999675750732421875e-01 3.241623562644235790e-05
9.999539852142333984e-01 4.617961167241446674e-05
9.990718364715576172e-01 9.281019447371363640e-04
9.998967647552490234e-01 1.031959764077328146e-04
9.829864501953125000e-01 1.701363921165466309e-02
9.998743534088134766e-01 1.255885872524231672e-04
9.997940063476562500e-01 2.059380640275776386e-04
9.999654293060302734e-01 3.457858838373795152e-05
9.999418258666992188e-01 5.825642801937647164e-05
9.995311498641967773e-01 4.688132321462035179e-04
9.997444748878479004e-01 2.555218816269189119e-04
9.994041919708251953e-01 5.958345136605203152e-04
9.998879432678222656e-01 1.122029279940761626e-04
9.868410229682922363e-01 1.315894909203052521e-02
9.992100000381469727e-01 7.899398915469646454e-04
2.952542901039123535e-02 9.704747200012207031e-01
9.998419284820556641e-01 1.581727992743253708e-04
9.997855424880981445e-01 2.143883466487750411e-04
9.999389648437500000e-01 6.114473944762721658e-05
9.993090629577636719e-01 6.909678922966122627e-04
9.999477863311767578e-01 5.222430991125293076e-05
9.997126460075378418e-01 2.873463381547480822e-04
9.999625682830810547e-01 3.750103132915683091e-05
9.983119964599609375e-01 1.687964308075606823e-03
9.999127388000488281e-01 8.725631778361275792e-05
9.979577064514160156e-01 2.042341511696577072e-03
1.546260667964816093e-03 9.984537363052368164e-01
9.999616146087646484e-01 3.855074464809149504e-05
9.988823533058166504e-01 1.117689535021781921e-03
4.710091277956962585e-03 9.952899217605590820e-01
9.999136924743652344e-01 8.645945490570738912e-05
1.457728073000907898e-02 9.854227304458618164e-01
9.999144077301025391e-01 8.565353346057236195e-05
9.928246736526489258e-01 7.175302132964134216e-03
9.994107484817504883e-01 5.893065826967358589e-04
9.998121261596679688e-01 1.877963368315249681e-04
9.982971549034118652e-01 1.702900975942611694e-03
9.998329877853393555e-01 1.669669291004538536e-04
9.774150848388671875e-01 2.258490025997161865e-02
9.993295669555664062e-01 6.704487605020403862e-04
9.999542236328125000e-01 4.583658665069378912e-05
1.782766543328762054e-03 9.982171654701232910e-01
9.997199177742004395e-01 2.800605434458702803e-04
3.228086233139038086e-02 9.677189588546752930e-01
2.005916684865951538e-01 7.994085550308227539e-01
9.913718327879905701e-03 9.900862574577331543e-01
2.876524580642580986e-03 9.971234798431396484e-01
2.664240077137947083e-02 9.733575582504272461e-01
8.013934828341007233e-03 9.919860959053039551e-01
9.975219964981079102e-01 2.478045411407947540e-03
9.999597072601318359e-01 4.033469667774625123e-05
2.805411815643310547e-03 9.971945285797119141e-01
9.998950958251953125e-01 1.050587598001584411e-04
9.999651908874511719e-01 3.476826168480329216e-05
4.478866700083017349e-03 9.955211877822875977e-01
2.831435296684503555e-03 9.971686005592346191e-01
1.862950064241886139e-02 9.813704490661621094e-01
2.401334047317504883e-02 9.759867191314697266e-01
2.541030989959836006e-03 9.974589347839355469e-01
1.539899734780192375e-03 9.984600543975830078e-01
1.582616008818149567e-03 9.984174370765686035e-01
1.585003221407532692e-03 9.984150528907775879e-01
9.999675750732421875e-01 3.249191286158747971e-05
7.937099784612655640e-03 9.920628666877746582e-01
1.646764017641544342e-02 9.835324287414550781e-01
8.436542749404907227e-01 1.563456207513809204e-01
1.644204487092792988e-03 9.983558058738708496e-01
2.395201474428176880e-03 9.976047277450561523e-01
7.547739148139953613e-02 9.245225191116333008e-01
3.352360799908638000e-02 9.664764404296875000e-01
4.718303307890892029e-02 9.528169631958007812e-01
2.999025862663984299e-03 9.970010519027709961e-01
5.097954533994197845e-03 9.949020147323608398e-01
1.716720312833786011e-02 9.828328490257263184e-01
2.289797738194465637e-02 9.771019816398620605e-01
1.960453344509005547e-03 9.980394840240478516e-01
1.807444728910923004e-02 9.819256067276000977e-01
2.060625236481428146e-03 9.979394674301147461e-01
4.443363547325134277e-01 5.556636452674865723e-01
9.999051094055175781e-01 9.505299385637044907e-05
9.174200892448425293e-02 9.082579016685485840e-01
6.291112396866083145e-03 9.937088489532470703e-01
3.673143312335014343e-02 9.632684588432312012e-01
8.422064594924449921e-03 9.915779829025268555e-01
2.488311380147933960e-02 9.751168489456176758e-01
4.049105569720268250e-03 9.959509372711181641e-01
2.927269041538238525e-02 9.707273840904235840e-01
4.619275406002998352e-02 9.538072347640991211e-01
2.611487172544002533e-03 9.973884820938110352e-01
5.557774379849433899e-02 9.444223046302795410e-01
8.020754903554916382e-03 9.919792413711547852e-01
9.984198808670043945e-01 1.580064301379024982e-03
3.336559515446424484e-03 9.966634511947631836e-01
1.567605324089527130e-02 9.843240380287170410e-01
5.791840143501758575e-03 9.942080974578857422e-01
2.426706720143556595e-03 9.975733160972595215e-01
5.124043673276901245e-03 9.948759675025939941e-01
8.520394563674926758e-02 9.147960543632507324e-01
5.422228574752807617e-02 9.457776546478271484e-01
2.002589870244264603e-03 9.979974031448364258e-01
2.489417642354965210e-01 7.510582804679870605e-01
1.682294532656669617e-02 9.831770062446594238e-01
9.820014238357543945e-02 9.017997384071350098e-01
9.958626031875610352e-01 4.137329291552305222e-03
9.992862343788146973e-01 7.138489163480699062e-04
2.925189910456538200e-03 9.970748424530029297e-01
1.770048867911100388e-03 9.982298612594604492e-01
2.840150380507111549e-03 9.971598386764526367e-01
9.998016357421875000e-01 1.983191759791225195e-04
3.831514623016119003e-03 9.961684346199035645e-01
5.526185501366853714e-03 9.944737553596496582e-01
3.283310681581497192e-02 9.671669006347656250e-01
1.770842471159994602e-03 9.982291460037231445e-01
3.525440581142902374e-03 9.964746236801147461e-01
2.870287746191024780e-03 9.971296787261962891e-01
1.988599821925163269e-02 9.801141023635864258e-01
5.905860103666782379e-03 9.940941929817199707e-01
1.615355610847473145e-01 8.384643197059631348e-01
7.110317349433898926e-01 2.889681458473205566e-01
5.843624472618103027e-02 9.415636658668518066e-01
3.128807991743087769e-03 9.968711137771606445e-01
3.359050722792744637e-03 9.966409206390380859e-01
1.912053907290101051e-03 9.980879426002502441e-01
7.800119463354349136e-03 9.921998381614685059e-01
9.999601840972900391e-01 3.992904748884029686e-05
2.592329867184162140e-02 9.740765690803527832e-01
2.029605209827423096e-03 9.979704022407531738e-01
1.697864267043769360e-03 9.983021020889282227e-01
4.140285775065422058e-03 9.958596825599670410e-01
7.349793333560228348e-03 9.926502108573913574e-01
9.993730187416076660e-01 6.269831792451441288e-04
6.914478261023759842e-03 9.930855035781860352e-01
1.557500474154949188e-02 9.844249486923217773e-01
2.471234416589140892e-03 9.975286722183227539e-01
9.998214244842529297e-01 1.785816712072119117e-04
9.992257356643676758e-01 7.742433808743953705e-04
1.495731621980667114e-02 9.850426912307739258e-01
1.635728403925895691e-03 9.983642101287841797e-01
8.189315907657146454e-03 9.918107390403747559e-01
6.062492728233337402e-03 9.939375519752502441e-01
2.413258654996752739e-03 9.975867271423339844e-01
9.998342990875244141e-01 1.658191613387316465e-04
5.651347339153289795e-02 9.434865117073059082e-01
4.913652315735816956e-03 9.950863718986511230e-01
2.781581599265336990e-03 9.972183704376220703e-01
2.352568134665489197e-02 9.764743447303771973e-01
4.577071964740753174e-02 9.542294144630432129e-01
1.877161208540201187e-03 9.981229305267333984e-01
5.441610235720872879e-03 9.945583939552307129e-01
2.186262747272849083e-03 9.978137016296386719e-01
1.117460988461971283e-02 9.888253808021545410e-01
1.301118824630975723e-02 9.869888424873352051e-01
5.183262750506401062e-03 9.948167204856872559e-01
8.519175462424755096e-03 9.914808273315429688e-01
2.082491479814052582e-02 9.791751503944396973e-01
1.176533941179513931e-02 9.882346391677856445e-01
6.711530964821577072e-03 9.932884573936462402e-01
4.249045159667730331e-03 9.957509040832519531e-01
4.296583309769630432e-02 9.570341110229492188e-01
9.024759382009506226e-02 9.097524285316467285e-01
2.112529706209897995e-03 9.978874325752258301e-01
7.874566130340099335e-03 9.921253919601440430e-01
9.991450309753417969e-01 8.549795020371675491e-04
5.841565318405628204e-03 9.941583871841430664e-01
1.068006642162799835e-02 9.893199801445007324e-01
3.883738070726394653e-02 9.611626863479614258e-01
1.806277316063642502e-03 9.981936812400817871e-01
1.324105169624090195e-02 9.867590665817260742e-01
9.897263050079345703e-01 1.027360279113054276e-02
8.977068588137626648e-03 9.910229444503784180e-01
1.018577720969915390e-02 9.898141622543334961e-01
1.185380015522241592e-02 9.881461858749389648e-01
1.657098531723022461e-02 9.834290146827697754e-01
1.954486127942800522e-03 9.980454444885253906e-01
1.967468531802296638e-03 9.980325102806091309e-01
1.218018680810928345e-02 9.878197908401489258e-01
1.103645190596580505e-01 8.896355628967285156e-01
9.430441856384277344e-01 5.695574730634689331e-02
3.762760199606418610e-03 9.962372183799743652e-01
1.867805724032223225e-03 9.981321692466735840e-01
2.435154095292091370e-02 9.756484627723693848e-01
1.766637340188026428e-02 9.823336005210876465e-01
4.588955640792846680e-02 9.541104435920715332e-01
2.595990151166915894e-02 9.740400910377502441e-01
9.998017549514770508e-01 1.981524255825206637e-04
2.747645834460854530e-03 9.972524046897888184e-01
9.998650550842285156e-01 1.350625097984448075e-04
9.990278482437133789e-01 9.721561218611896038e-04
2.877614200115203857e-01 7.122387290000915527e-01
2.094389311969280243e-02 9.790561795234680176e-01
1.480933977290987968e-03 9.985190629959106445e-01
2.202562056481838226e-03 9.977974295616149902e-01
9.998879432678222656e-01 1.119859152822755277e-04
9.996901154518127441e-01 3.098421148024499416e-04
9.999587535858154297e-01 4.125204213778488338e-05
4.493318498134613037e-03 9.955066442489624023e-01
9.990177154541015625e-01 9.822436841204762459e-04
9.871602989733219147e-03 9.901283383369445801e-01
9.998421669006347656e-01 1.578312076162546873e-04
9.224227666854858398e-01 7.757728546857833862e-02
9.921944141387939453e-01 7.805633358657360077e-03
6.747435331344604492e-01 3.252563178539276123e-01
9.999413490295410156e-01 5.862996840733103454e-05
9.999639987945556641e-01 3.612101136241108179e-05
9.962491393089294434e-01 3.750829491764307022e-03
9.999153614044189453e-01 8.474498463328927755e-05
6.505739875137805939e-03 9.934943318367004395e-01
9.998425245285034180e-01 1.574077614350244403e-04
9.999642372131347656e-01 3.581456621759571135e-05
9.995552301406860352e-01 4.447621759027242661e-04
9.965149164199829102e-01 3.485075663775205612e-03
9.996933341026306152e-01 3.066172066610306501e-04
9.837198257446289062e-01 1.628017053008079529e-02
9.981352090835571289e-01 1.864798716269433498e-03
9.998290538787841797e-01 1.708786730887368321e-04
9.921672940254211426e-01 7.832624018192291260e-03
9.974586367607116699e-01 2.541329013183712959e-03
9.999673366546630859e-01 3.280882810940966010e-05
9.996785521507263184e-01 3.214384196326136589e-04
9.999589920043945312e-01 4.107930362806655467e-05
1.769583970308303833e-01 8.230417370796203613e-01
9.996849894523620605e-01 3.149135445710271597e-04
9.931358695030212402e-01 6.864016875624656677e-03
9.990479350090026855e-01 9.520573075860738754e-04
9.999010562896728516e-01 9.904706530505791306e-05
9.967685937881469727e-01 3.231469076126813889e-03
9.999063014984130859e-01 9.374959336128085852e-05
9.996029734611511230e-01 3.970434772782027721e-04
9.996320009231567383e-01 3.679385408759117126e-04
9.999654293060302734e-01 3.455887417658232152e-05
9.999232292175292969e-01 7.690222992096096277e-05
9.999418258666992188e-01 5.821555168949998915e-05
9.998651742935180664e-01 1.347970392089337111e-04
9.807452559471130371e-01 1.925469189882278442e-02
9.168632030487060547e-01 8.313692361116409302e-02
2.596384845674037933e-03 9.974036216735839844e-01
9.997953176498413086e-01 2.046195731963962317e-04
9.998219013214111328e-01 1.781108730938285589e-04
9.999487400054931641e-01 5.134242383064702153e-05
9.999022483825683594e-01 9.780028631212189794e-05
9.998831748962402344e-01 1.168088492704555392e-04
9.999086856842041016e-01 9.132322156801819801e-05
9.997362494468688965e-01 2.636933641042560339e-04
9.999325275421142578e-01 6.745134305674582720e-05
9.999406337738037109e-01 5.950789272901602089e-05
9.998593330383300781e-01 1.406491937814280391e-04
9.998211860656738281e-01 1.789328525774180889e-04
9.972108006477355957e-01 2.789211925119161606e-03
9.998874664306640625e-01 1.126428251154720783e-04
9.998784065246582031e-01 1.217319513671100140e-04
9.999594688415527344e-01 4.051009818795137107e-05
9.997194409370422363e-01 2.805914555210620165e-04
9.992731213569641113e-01 7.268455228768289089e-04
9.009246528148651123e-02 9.099075198173522949e-01
9.998981952667236328e-01 1.018260591081343591e-04
9.994369149208068848e-01 5.631123785860836506e-04
9.998693466186523438e-01 1.307160709984600544e-04
9.979671835899353027e-01 2.032737480476498604e-03
9.999229907989501953e-01 7.714256935287266970e-05
9.930787086486816406e-01 6.921296473592519760e-03
1.143209356814622879e-02 9.885679483413696289e-01
9.999389648437500000e-01 6.108610978117212653e-05
9.991995692253112793e-01 8.004715200513601303e-04
9.998338222503662109e-01 1.661278220126405358e-04
9.996166825294494629e-01 3.833806258626282215e-04
9.998382329940795898e-01 1.616827212274074554e-04
9.999539852142333984e-01 4.598988016368821263e-05
9.999084472656250000e-01 9.157150634564459324e-05
9.958100318908691406e-01 4.189937375485897064e-03
9.993476867675781250e-01 6.523748161271214485e-04
9.994787573814392090e-01 5.212902324274182320e-04
9.992582201957702637e-01 7.417087326757609844e-04
9.996694326400756836e-01 3.305847640149295330e-04
9.998230934143066406e-01 1.769035443430766463e-04
9.999532699584960938e-01 4.676145181292667985e-05
9.969103336334228516e-01 3.089686855673789978e-03
3.295435011386871338e-01 6.704564690589904785e-01
9.999082088470458984e-01 9.194253652822226286e-05
9.999592304229736328e-01 4.086712579010054469e-05
9.999208450317382812e-01 7.924671808723360300e-05
9.999411106109619141e-01 5.905814759898930788e-05
9.996452927589416504e-01 3.548119857441633940e-04
9.967294931411743164e-01 3.270533401519060135e-03
9.996583461761474609e-01 3.416258841753005981e-04
9.999456405639648438e-01 5.442840119940228760e-05
9.999594688415527344e-01 4.054453529533930123e-05
9.999437332153320312e-01 5.632267493638209999e-05
9.999232292175292969e-01 7.672509673284366727e-05
1.867041736841201782e-02 9.813295006752014160e-01
9.999659061431884766e-01 3.405769166420213878e-05
2.784384489059448242e-01 7.215613722801208496e-01
9.992465972900390625e-01 7.534676115028560162e-04
9.997662305831909180e-01 2.336835459573194385e-04
9.998931884765625000e-01 1.067569683073088527e-04
9.990309476852416992e-01 9.690700098872184753e-04
9.998779296875000000e-01 1.220032136188820004e-04
3.109194105491042137e-03 9.968907833099365234e-01
9.999010562896728516e-01 9.902005695039406419e-05
9.997739791870117188e-01 2.259534230688586831e-04
9.880308508872985840e-01 1.196919661015272141e-02
9.997588396072387695e-01 2.411578025203198195e-04
9.999120235443115234e-01 8.805161633063107729e-05
9.995865225791931152e-01 4.134781192988157272e-04
9.999127388000488281e-01 8.725382213015109301e-05
9.899601340293884277e-01 1.003993302583694458e-02
9.993944168090820312e-01 6.055714329704642296e-04
9.999635219573974609e-01 3.663700408651493490e-05
1.714679226279258728e-02 9.828532338142395020e-01
9.999482631683349609e-01 5.189395596971735358e-05
9.919908642768859863e-01 8.009167388081550598e-03
9.998385906219482422e-01 1.613800268387421966e-04
9.964520931243896484e-01 3.547962754964828491e-03
9.980983734130859375e-01 1.901547773741185665e-03
9.995616674423217773e-01 4.383654450066387653e-04
9.708135128021240234e-01 2.918653376400470734e-02
9.999659061431884766e-01 3.416859908611513674e-05
9.995315074920654297e-01 4.685356689151376486e-04
9.987816810607910156e-01 1.218307879753410816e-03
9.586459398269653320e-01 4.135392606258392334e-02
9.999675750732421875e-01 3.242322418373078108e-05
2.751601394265890121e-03 9.972484111785888672e-01
9.999516010284423828e-01 4.851143239648081362e-05
9.994428157806396484e-01 5.572458030655980110e-04
1.427370472811162472e-03 9.985726475715637207e-01
9.999670982360839844e-01 3.284310878370888531e-05
9.999241828918457031e-01 7.584488776046782732e-05
9.999346733093261719e-01 6.527628283947706223e-05
8.253800868988037109e-02 9.174619317054748535e-01
9.998173713684082031e-01 1.826043735491111875e-04
1.835697442293167114e-01 8.164302110671997070e-01
9.956509470939636230e-01 4.349065944552421570e-03
9.214202165603637695e-01 7.857987284660339355e-02
9.997181296348571777e-01 2.817984786815941334e-04
9.576522111892700195e-01 4.234760999679565430e-02
9.991928935050964355e-01 8.071483462117612362e-04
9.920837879180908203e-01 7.916174829006195068e-03
9.789599180221557617e-01 2.104023844003677368e-02
9.994894266128540039e-01 5.105541786178946495e-04
9.999527931213378906e-01 4.736195842269808054e-05
3.113774117082357407e-03 9.968862533569335938e-01
9.993734955787658691e-01 6.265796837396919727e-04
1.445537991821765900e-02 9.855446815490722656e-01
9.562032222747802734e-01 4.379671439528465271e-02
2.644313685595989227e-02 9.735569357872009277e-01
3.004944883286952972e-02 9.699505567550659180e-01
9.999601840972900391e-01 3.979542088927701116e-05
1.055480688810348511e-01 8.944519162178039551e-01
1.325241476297378540e-02 9.867476224899291992e-01
9.990854263305664062e-01 9.145617950707674026e-04
1.775248162448406219e-02 9.822475314140319824e-01
2.469818573445081711e-03 9.975301623344421387e-01
1.083678603172302246e-01 8.916320204734802246e-01
4.475928843021392822e-03 9.955240488052368164e-01
2.125894650816917419e-03 9.978741407394409180e-01
5.923797842115163803e-03 9.940761327743530273e-01
2.775048464536666870e-02 9.722496271133422852e-01
6.208625622093677521e-03 9.937914013862609863e-01
3.899092786014080048e-03 9.961009025573730469e-01
4.687303211539983749e-03 9.953126907348632812e-01
1.552672833204269409e-01 8.447327017784118652e-01
1.459198305383324623e-03 9.985407590866088867e-01
1.446468848735094070e-02 9.855353832244873047e-01
3.804191946983337402e-02 9.619579911231994629e-01
1.488165697082877159e-03 9.985118508338928223e-01
1.688145333901047707e-03 9.983118772506713867e-01
4.770214203745126724e-03 9.952298402786254883e-01
9.751753881573677063e-03 9.902482628822326660e-01
1.789912232197821140e-03 9.982100129127502441e-01
2.801124937832355499e-03 9.971988201141357422e-01
4.935552477836608887e-01 5.064446330070495605e-01
3.116810461506247520e-03 9.968832731246948242e-01
9.458987042307853699e-03 9.905410408973693848e-01
1.161010190844535828e-02 9.883898496627807617e-01
4.707278218120336533e-03 9.952927231788635254e-01
2.791710896417498589e-03 9.972082972526550293e-01
2.576049044728279114e-02 9.742393493652343750e-01
1.423100475221872330e-03 9.985769391059875488e-01
2.416015230119228363e-02 9.758397936820983887e-01
9.745446443557739258e-01 2.545555680990219116e-02
3.587835701182484627e-03 9.964122176170349121e-01
9.999041557312011719e-01 9.588826651452109218e-05
3.293788805603981018e-02 9.670621156692504883e-01
5.743650346994400024e-02 9.425634741783142090e-01
1.063494943082332611e-02 9.893651008605957031e-01
2.706386893987655640e-02 9.729360938072204590e-01
8.240422233939170837e-03 9.917595982551574707e-01
9.635403752326965332e-03 9.903646111488342285e-01
1.900936290621757507e-02 9.809906482696533203e-01
2.419058606028556824e-02 9.758094549179077148e-01
5.943087860941886902e-03 9.940569400787353516e-01
2.272657584398984909e-03 9.977272748947143555e-01
6.085617002099752426e-03 9.939144253730773926e-01
1.048054359853267670e-02 9.895194768905639648e-01
3.553123027086257935e-02 9.644687175750732422e-01
9.992142915725708008e-01 7.856488227844238281e-04
3.926052525639533997e-02 9.607395529747009277e-01
5.047687795013189316e-03 9.949523210525512695e-01
2.048309193924069405e-03 9.979516863822937012e-01
9.999105930328369141e-01 8.947465539677068591e-05
8.202384226024150848e-03 9.917975664138793945e-01
1.101728603243827820e-01 8.898269534111022949e-01
1.424414804205298424e-03 9.985756278038024902e-01
2.476808615028858185e-03 9.975231885910034180e-01
1.719690277241170406e-03 9.982802271842956543e-01
2.436877973377704620e-02 9.756312370300292969e-01
6.712446808815002441e-01 3.287553191184997559e-01
9.998779296875000000e-01 1.221548009198158979e-04
2.414405159652233124e-02 9.758559465408325195e-01
3.116492554545402527e-02 9.688350558280944824e-01
8.129430003464221954e-03 9.918705224990844727e-01
3.835121169686317444e-02 9.616488814353942871e-01
6.790359504520893097e-03 9.932096600532531738e-01
6.528453528881072998e-02 9.347154498100280762e-01
9.999213218688964844e-01 7.881207420723512769e-05
1.091190427541732788e-02 9.890880584716796875e-01
1.736717112362384796e-02 9.826328754425048828e-01
5.237903911620378494e-03 9.947621226310729980e-01
1.448841998353600502e-03 9.985512495040893555e-01
1.164091285318136215e-02 9.883591532707214355e-01
2.980549586936831474e-03 9.970195293426513672e-01
1.667062402702867985e-03 9.983329176902770996e-01
9.766845405101776123e-02 9.023315906524658203e-01
1.724699288606643677e-01 8.275300860404968262e-01
2.729397034272551537e-03 9.972705841064453125e-01
1.508208340965211391e-03 9.984918236732482910e-01
6.648688111454248428e-03 9.933512806892395020e-01
1.307941526174545288e-01 8.692058324813842773e-01
1.130822002887725830e-01 8.869180083274841309e-01
1.495708129368722439e-03 9.985042214393615723e-01
3.242780221626162529e-03 9.967572093009948730e-01
3.804617524147033691e-01 6.195381879806518555e-01
3.910700324922800064e-03 9.960893392562866211e-01
1.205575745552778244e-02 9.879442453384399414e-01
9.997887611389160156e-01 2.111603971570730209e-04
3.151824697852134705e-03 9.968482255935668945e-01
5.153701175004243851e-03 9.948463439941406250e-01
6.323232315480709076e-03 9.936767220497131348e-01
3.882525023072957993e-03 9.961174726486206055e-01
2.503230003640055656e-03 9.974967837333679199e-01
2.750116633251309395e-03 9.972499608993530273e-01
5.294375121593475342e-03 9.947056174278259277e-01
5.107712000608444214e-02 9.489228725433349609e-01
2.995817065238952637e-01 7.004182338714599609e-01
1.557671278715133667e-02 9.844233393669128418e-01
9.998559951782226562e-01 1.440406340407207608e-04
1.414001435041427612e-01 8.586001396179199219e-01
8.509634993970394135e-03 9.914903044700622559e-01
3.325644182041287422e-03 9.966742992401123047e-01
3.664238750934600830e-02 9.633575677871704102e-01
1.551796682178974152e-03 9.984481334686279297e-01
8.600654080510139465e-03 9.913994073867797852e-01
2.749990113079547882e-02 9.725000262260437012e-01
9.997137188911437988e-01 2.862874825950711966e-04
2.578597050160169601e-03 9.974213838577270508e-01
1.657564006745815277e-02 9.834243655204772949e-01
3.309667110443115234e-01 6.690332293510437012e-01
1.394512653350830078e-01 8.605486750602722168e-01
2.793556638062000275e-02 9.720644354820251465e-01
3.553105983883142471e-03 9.964469075202941895e-01
6.237651780247688293e-02 9.376234412193298340e-01
1.125835552811622620e-01 8.874165415763854980e-01
1.148694455623626709e-01 8.851306438446044922e-01
2.094405237585306168e-03 9.979055523872375488e-01
2.229026332497596741e-02 9.777097105979919434e-01
9.909355044364929199e-01 9.064473211765289307e-03
9.999423027038574219e-01 5.783726010122336447e-05
1.994166988879442215e-03 9.980058073997497559e-01
2.884835004806518555e-03 9.971151351928710938e-01
1.569559564813971519e-03 9.984304308891296387e-01
3.770103910937905312e-03 9.962298870086669922e-01
1.920641632750630379e-03 9.980793595314025879e-01
2.482915222644805908e-01 7.517085671424865723e-01
1.379520595073699951e-01 8.620479106903076172e-01
9.998619556427001953e-01 1.380808098474517465e-04
3.303003683686256409e-02 9.669699668884277344e-01
9.997926950454711914e-01 2.072061761282384396e-04
6.149557977914810181e-02 9.385043978691101074e-01
8.268091827630996704e-03 9.917319416999816895e-01
9.996770024299621582e-01 3.229132271371781826e-04
9.999501705169677734e-01 4.981192614650353789e-05
9.990279674530029297e-01 9.720661910250782967e-04
9.996732473373413086e-01 3.268180880695581436e-04
3.532433882355690002e-03 9.964675903320312500e-01
4.213517904281616211e-02 9.578648209571838379e-01
9.939226508140563965e-01 6.077314727008342743e-03
9.999585151672363281e-01 4.149438245804049075e-05
1.839568093419075012e-02 9.816043376922607422e-01
9.949144124984741211e-01 5.085554905235767365e-03
1.914423191919922829e-03 9.980855584144592285e-01
9.623681306838989258e-01 3.763192892074584961e-02
9.912241697311401367e-01 8.775904774665832520e-03
2.115270309150218964e-02 9.788473248481750488e-01
9.988397955894470215e-01 1.160204410552978516e-03
9.998404979705810547e-01 1.596424845047295094e-04
9.932342767715454102e-01 6.765744183212518692e-03
8.707016706466674805e-01 1.292985230684280396e-01
9.999003410339355469e-01 9.961259638657793403e-05
9.999597072601318359e-01 4.043244189233519137e-05
9.999647140502929688e-01 3.543284401530399919e-05
9.999508857727050781e-01 4.922314838040620089e-05
9.866251945495605469e-01 1.337479893118143082e-02
9.999108314514160156e-01 8.929164323490113020e-05
9.976473450660705566e-01 2.352662850171327591e-03
9.973510503768920898e-01 2.648940077051520348e-03
9.991965293884277344e-01 8.033926133066415787e-04
9.998836517333984375e-01 1.165000212495215237e-04
9.998431205749511719e-01 1.569224259583279490e-04
9.568840265274047852e-01 4.311604425311088562e-02
9.999337196350097656e-01 6.642023799940943718e-05
7.922122478485107422e-01 2.077877670526504517e-01
9.998074769973754883e-01 1.924622192746028304e-04
9.999141693115234375e-01 8.584587340010330081e-05
9.999094009399414062e-01 9.062446042662486434e-05
9.999382495880126953e-01 6.192109867697581649e-05
9.996597170829772949e-01 3.402738657314330339e-04
9.994865655899047852e-01 5.134423845447599888e-04
9.999608993530273438e-01 3.905806443071924150e-05
9.224590063095092773e-01 7.754113525152206421e-02
9.998719692230224609e-01 1.280143187614157796e-04
9.997973442077636719e-01 2.026395522989332676e-04
9.997590780258178711e-01 2.409210283076390624e-04
9.999554157257080078e-01 4.462873039301484823e-05
9.998350143432617188e-01 1.649324985919520259e-04
9.999606609344482422e-01 3.944166019209660590e-05
9.999403953552246094e-01 5.959040936431847513e-05
9.958333969116210938e-01 4.166559316217899323e-03
9.999256134033203125e-01 7.444618677254766226e-05
9.996268153190612793e-01 3.732079057954251766e-04
9.997936487197875977e-01 2.062594285234808922e-04
9.999327659606933594e-01 6.733488407917320728e-05
9.999666213989257812e-01 3.334138818900100887e-05
9.999067783355712891e-01 9.318863885710015893e-05
9.989246726036071777e-01 1.075312378816306591e-03
9.909474849700927734e-01 9.052547626197338104e-03
5.698699969798326492e-03 9.943013191223144531e-01
9.882615208625793457e-01 1.173845864832401276e-02
9.999465942382812500e-01 5.352455264073796570e-05
9.999661445617675781e-01 3.393617589608766139e-05
9.997905492782592773e-01 2.093888906529173255e-04
2.733920812606811523e-01 7.266078591346740723e-01
9.998220205307006836e-01 1.779583981260657310e-04
7.167594432830810547e-01 2.832406461238861084e-01
9.998791217803955078e-01 1.209814145113341510e-04
3.025711476802825928e-01 6.974287629127502441e-01
9.776903390884399414e-01 2.230956219136714935e-02
9.998031854629516602e-01 1.967642019735649228e-04
9.998822212219238281e-01 1.179287210106849670e-04
9.999213218688964844e-01 7.882108911871910095e-05
9.998278617858886719e-01 1.721699663903564215e-04
9.995565414428710938e-01 4.434991278685629368e-04
9.999468326568603516e-01 5.327847247826866806e-05
9.999461174011230469e-01 5.388075078371912241e-05
9.998334646224975586e-01 1.665075396886095405e-04
9.998199939727783203e-01 1.799575838958844543e-04
9.999630451202392578e-01 3.701079549500718713e-05
9.967182278633117676e-01 3.281760960817337036e-03
9.993388056755065918e-01 6.611830904148519039e-04
9.999651908874511719e-01 3.480382292764261365e-05
9.951848387718200684e-01 4.815223626792430878e-03
8.829434402287006378e-03 9.911706447601318359e-01
9.999411106109619141e-01 5.883037010789848864e-05
9.999618530273437500e-01 3.823669976554811001e-05
1.225586608052253723e-02 9.877441525459289551e-01
9.734304547309875488e-01 2.656946517527103424e-02
2.402674639597535133e-03 9.975972771644592285e-01
9.999587535858154297e-01 4.123092003283090889e-05
9.802495688199996948e-02 9.019749760627746582e-01
3.000350203365087509e-03 9.969996213912963867e-01
9.997437596321105957e-01 2.561853325460106134e-04
9.999496936798095703e-01 5.026708822697401047e-05
9.996339082717895508e-01 3.660805232357233763e-04
9.999618530273437500e-01 3.828212720691226423e-05
9.999504089355468750e-01 4.970909139956347644e-05
9.739105105400085449e-01 2.608956769108772278e-02
9.993870258331298828e-01 6.129213143140077591e-04
6.962312459945678711e-01 3.037688434123992920e-01
9.999597072601318359e-01 4.045226523885503411e-05
9.990029931068420410e-01 9.969746461138129234e-04
9.999620914459228516e-01 3.795220254687592387e-05
3.035440444946289062e-01 6.964558959007263184e-01
9.937487244606018066e-01 6.251382641494274139e-03
9.942838549613952637e-01 5.716079380363225937e-03
9.999487400054931641e-01 5.130184945301152766e-05
9.996941685676574707e-01 3.057569556403905153e-04
9.999482631683349609e-01 5.177121784072369337e-05
9.998641014099121094e-01 1.358531008008867502e-04
3.095085266977548599e-03 9.969049692153930664e-01
9.993807077407836914e-01 6.192305008880794048e-04
9.997392296791076660e-01 2.607515198178589344e-04
9.996431469917297363e-01 3.569411346688866615e-04
9.612344503402709961e-01 3.876568377017974854e-02
9.912879467010498047e-01 8.711995556950569153e-03
9.998834133148193359e-01 1.165334688266739249e-04
9.985187649726867676e-01 1.481269369833171368e-03
9.924074411392211914e-01 7.592696230858564377e-03
9.999408721923828125e-01 5.923436037846840918e-05
9.994904994964599609e-01 5.094637162983417511e-04
9.996698498725891113e-01 3.300476528238505125e-04
9.978910088539123535e-01 2.108966698870062828e-03
9.999053478240966797e-01 9.474510443396866322e-05
2.046043518930673599e-03 9.979539513587951660e-01
9.997724294662475586e-01 2.274733851663768291e-04
9.999446868896484375e-01 5.526733366423286498e-05
9.494399428367614746e-01 5.056014284491539001e-02
9.994575977325439453e-01 5.423671100288629532e-04
9.986109733581542969e-01 1.389036420732736588e-03
9.998593330383300781e-01 1.406551018590107560e-04
8.821645379066467285e-01 1.178353950381278992e-01
9.973315000534057617e-01 2.668566768988966942e-03
9.990904331207275391e-01 9.095799177885055542e-04
9.998428821563720703e-01 1.570979220559820533e-04
6.747655868530273438e-01 3.252343535423278809e-01
9.996160864830017090e-01 3.838974225800484419e-04
9.997808933258056641e-01 2.189994847867637873e-04
9.997262358665466309e-01 2.737394243013113737e-04
3.111890852451324463e-01 6.888109445571899414e-01
9.995983242988586426e-01 4.017493629362434149e-04
2.294043544679880142e-03 9.977059364318847656e-01
9.999096393585205078e-01 9.042442979989573359e-05
9.999458789825439453e-01 5.424697519629262388e-05
9.997500777244567871e-01 2.499178517609834671e-04
9.999613761901855469e-01 3.869849024340510368e-05
4.280268214643001556e-03 9.957197308540344238e-01
2.280814107507467270e-03 9.977191686630249023e-01
1.921719871461391449e-02 9.807828664779663086e-01
9.992718100547790527e-01 7.281936123035848141e-04
3.080805763602256775e-02 9.691918492317199707e-01
9.996321797370910645e-01 3.678216889966279268e-04
2.627783454954624176e-02 9.737222194671630859e-01
9.990131855010986328e-01 9.868086781352758408e-04
1.266150176525115967e-02 9.873385429382324219e-01
2.395395748317241669e-02 9.760460853576660156e-01
9.994959831237792969e-01 5.039774696342647076e-04
5.401117261499166489e-03 9.945988655090332031e-01
1.865631202235817909e-03 9.981344342231750488e-01
2.716485643759369850e-03 9.972834587097167969e-01
9.992461204528808594e-01 7.539305370301008224e-04
9.002987295389175415e-03 9.909969568252563477e-01
2.684865333139896393e-02 9.731512665748596191e-01
3.531536320224404335e-03 9.964684247970581055e-01
3.759275656193494797e-03 9.962407350540161133e-01
2.927047759294509888e-02 9.707294702529907227e-01
2.725957520306110382e-02 9.727404713630676270e-01
1.550866174511611462e-03 9.984490871429443359e-01
1.393916644155979156e-02 9.860607981681823730e-01
7.213771343231201172e-02 9.278622269630432129e-01
3.710949560627341270e-03 9.962890148162841797e-01
1.496531348675489426e-02 9.850347042083740234e-01
8.065585978329181671e-03 9.919344186782836914e-01
7.094934117048978806e-03 9.929050207138061523e-01
1.868018647655844688e-03 9.981320500373840332e-01
9.942520260810852051e-01 5.747891496866941452e-03
1.920594088733196259e-02 9.807940721511840820e-01
9.452382102608680725e-03 9.905475974082946777e-01
2.047105226665735245e-03 9.979528784751892090e-01
3.379770088940858841e-03 9.966201782226562500e-01
1.006239186972379684e-02 9.899376630783081055e-01
1.039456203579902649e-01 8.960542678833007812e-01
6.173189263790845871e-03 9.938268065452575684e-01
1.061617210507392883e-01 8.938384056091308594e-01
2.992495521903038025e-02 9.700751900672912598e-01
1.648589037358760834e-03 9.983513951301574707e-01
1.972039928659796715e-03 9.980279803276062012e-01
8.223765343427658081e-02 9.177622795104980469e-01
6.246958374977111816e-01 3.753039240837097168e-01
1.262292079627513885e-02 9.873771667480468750e-01
7.168650627136230469e-03 9.928313493728637695e-01
2.197292000055313110e-01 7.802706956863403320e-01
2.365198545157909393e-02 9.763479232788085938e-01
9.997817277908325195e-01 2.181947929784655571e-04
9.998192787170410156e-01 1.806329819373786449e-04
4.382546991109848022e-03 9.956175088882446289e-01
5.408763885498046875e-03 9.945912361145019531e-01
7.107065990567207336e-03 9.928929209709167480e-01
9.999566078186035156e-01 4.348126094555482268e-05
7.317579351365566254e-03 9.926823973655700684e-01
5.666176788508892059e-03 9.943338632583618164e-01
9.991787672042846680e-01 8.213075925596058369e-04
3.620421513915061951e-03 9.963794946670532227e-01
9.817207232117652893e-03 9.901828169822692871e-01
1.688035205006599426e-02 9.831197261810302734e-01
2.486678026616573334e-02 9.751333594322204590e-01
1.303003169596195221e-02 9.869699478149414062e-01
2.692117821425199509e-03 9.973078966140747070e-01
6.810779217630624771e-03 9.931892156600952148e-01
9.329606778919696808e-03 9.906704425811767578e-01
1.122504323720932007e-01 8.877496123313903809e-01
1.195930410176515579e-02 9.880406856536865234e-01
1.670772326178848743e-03 9.983292222023010254e-01
6.871876306831836700e-03 9.931281805038452148e-01
2.087470842525362968e-03 9.979124665260314941e-01
5.953084677457809448e-02 9.404692649841308594e-01
4.018455743789672852e-03 9.959815740585327148e-01
3.029590472579002380e-03 9.969704151153564453e-01
4.546436015516519547e-03 9.954535961151123047e-01
3.597790375351905823e-02 9.640220403671264648e-01
3.045968711376190186e-03 9.969539642333984375e-01
9.277688339352607727e-03 9.907222986221313477e-01
8.132760971784591675e-02 9.186723232269287109e-01
7.624071091413497925e-03 9.923759102821350098e-01
5.993459839373826981e-03 9.940065741539001465e-01
4.817730560898780823e-02 9.518226981163024902e-01
1.802606740966439247e-03 9.981973767280578613e-01
3.701606765389442444e-02 9.629839658737182617e-01
2.738706534728407860e-03 9.972612857818603516e-01
8.565019965171813965e-01 1.434978395700454712e-01
3.134932368993759155e-03 9.968651533126831055e-01
1.461855880916118622e-02 9.853813648223876953e-01
6.909933686256408691e-01 3.090067207813262939e-01
3.345741191878914833e-03 9.966542720794677734e-01
1.871775952167809010e-03 9.981282353401184082e-01
8.283960632979869843e-03 9.917160868644714355e-01
2.843454107642173767e-02 9.715653657913208008e-01
3.451222321018576622e-03 9.965487718582153320e-01
1.264282315969467163e-02 9.873571395874023438e-01
1.065148320049047470e-02 9.893485307693481445e-01
1.957762753590941429e-03 9.980422258377075195e-01
1.686514541506767273e-02 9.831348061561584473e-01
9.957273006439208984e-01 4.272741265594959259e-03
2.454098872840404510e-02 9.754590988159179688e-01
6.628830451518297195e-03 9.933711290359497070e-01
9.960306286811828613e-01 3.969391807913780212e-03
1.085636671632528305e-02 9.891436696052551270e-01
1.715758815407752991e-02 9.828424453735351562e-01
6.575118284672498703e-03 9.934248924255371094e-01
2.073385287076234818e-03 9.979265928268432617e-01
9.995598793029785156e-01 4.401594342198222876e-04
1.580526935867965221e-03 9.984194636344909668e-01
8.131261914968490601e-02 9.186874628067016602e-01
1.000073831528425217e-02 9.899992346763610840e-01
2.995117940008640289e-02 9.700488448143005371e-01
9.999673366546630859e-01 3.280313467257656157e-05
1.628848724067211151e-03 9.983711242675781250e-01
2.579248975962400436e-03 9.974207878112792969e-01
8.094239048659801483e-03 9.919058084487915039e-01
1.886969432234764099e-02 9.811301827430725098e-01
4.522257018834352493e-03 9.954777359962463379e-01
3.186135087162256241e-03 9.968138337135314941e-01
3.591711446642875671e-02 9.640829563140869141e-01
1.439153449609875679e-03 9.985608458518981934e-01
9.939683675765991211e-01 6.031475961208343506e-03
3.744899993762373924e-03 9.962550401687622070e-01
3.187138214707374573e-02 9.681285619735717773e-01
5.079900845885276794e-03 9.949200749397277832e-01
9.999406337738037109e-01 5.945173688814975321e-05
1.524964720010757446e-02 9.847504496574401855e-01
4.101095348596572876e-02 9.589890837669372559e-01
3.744976595044136047e-03 9.962550401687622070e-01
9.999306201934814453e-01 6.935601413715630770e-05
1.649198494851589203e-02 9.835079312324523926e-01
3.274426236748695374e-02 9.672557711601257324e-01
4.602632485330104828e-03 9.953973889350891113e-01
2.158871293067932129e-02 9.784113764762878418e-01
2.525184769183397293e-03 9.974749088287353516e-01
2.913878858089447021e-02 9.708611965179443359e-01
9.996982216835021973e-01 3.017506969626992941e-04
1.426844391971826553e-03 9.985732436180114746e-01
3.235257267951965332e-01 6.764741539955139160e-01
4.092296119779348373e-03 9.959076642990112305e-01
9.999470710754394531e-01 5.305324884830042720e-05
1.994762010872364044e-02 9.800524115562438965e-01
2.350255381315946579e-03 9.976496696472167969e-01
4.594129044562578201e-03 9.954059123992919922e-01
2.422667108476161957e-02 9.757733345031738281e-01
1.557755866087973118e-03 9.984421730041503906e-01
9.998419284820556641e-01 1.580603129696100950e-04
5.745115876197814941e-02 9.425487518310546875e-01
9.999635219573974609e-01 3.648961137514561415e-05
1.070404890924692154e-02 9.892958998680114746e-01
6.114483345299959183e-03 9.938854575157165527e-01
4.422272555530071259e-03 9.955778121948242188e-01
9.997101426124572754e-01 2.897757221944630146e-04
8.417845368385314941e-01 1.582152843475341797e-01
9.999406337738037109e-01 5.943025098531506956e-05
9.995682239532470703e-01 4.317884449847042561e-04
6.248235702514648438e-03 9.937517046928405762e-01
1.647617667913436890e-03 9.983523488044738770e-01
8.079940676689147949e-01 1.920061260461807251e-01
4.928755108267068863e-03 9.950712323188781738e-01
7.258515357971191406e-01 2.741484045982360840e-01
9.983512163162231445e-01 1.648850040510296822e-03
9.998781681060791016e-01 1.218886609422042966e-04
5.460317134857177734e-01 4.539684057235717773e-01
9.831563830375671387e-01 1.684376783668994904e-02
9.913483858108520508e-01 8.651715703308582306e-03
9.995754957199096680e-01 4.245679010637104511e-04
9.994989633560180664e-01 5.010462482459843159e-04
9.999079704284667969e-01 9.208064875565469265e-05
9.999027252197265625e-01 9.738434891914948821e-05
9.990317821502685547e-01 9.682335075922310352e-04
8.857131004333496094e-01 1.142869293689727783e-01
9.999461174011230469e-01 5.386133125284686685e-05
9.990690350532531738e-01 9.309839224442839622e-04
9.997397065162658691e-01 2.602360327728092670e-04
9.975198507308959961e-01 2.480198163539171219e-03
9.999651908874511719e-01 3.494253905955702066e-05
9.999189376831054688e-01 8.118691039271652699e-05
9.992324113845825195e-01 7.676128880120813847e-04
9.994375109672546387e-01 5.625222111120820045e-04
9.992037415504455566e-01 7.963389507494866848e-04
9.948989748954772949e-01 5.101088900119066238e-03
9.999635219573974609e-01 3.655662658275105059e-05
9.999513626098632812e-01 4.872545832768082619e-05
9.999539852142333984e-01 4.602375338436104357e-05
9.999678134918212891e-01 3.220169310225173831e-05
9.999108314514160156e-01 8.914784848457202315e-05
9.998544454574584961e-01 1.455592137062922120e-04
9.998109340667724609e-01 1.890377898234874010e-04
9.999473094940185547e-01 5.285513543640263379e-05
3.929102327674627304e-03 9.960708618164062500e-01
9.982142448425292969e-01 1.785778440535068512e-03
9.999499320983886719e-01 5.016828799853101373e-05
9.997980594635009766e-01 2.019009407376870513e-04
9.998171329498291016e-01 1.828682288760319352e-04
8.977167308330535889e-03 9.910228252410888672e-01
9.998571872711181641e-01 1.427449315087869763e-04
9.997283816337585449e-01 2.715874288696795702e-04
2.269558375701308250e-03 9.977304339408874512e-01
2.110573230311274529e-03 9.978894591331481934e-01
1.926367729902267456e-02 9.807362556457519531e-01
9.998812675476074219e-01 1.188873138744384050e-04
9.934066534042358398e-01 6.593390833586454391e-03
9.951272010803222656e-01 4.872824996709823608e-03
9.789702296257019043e-01 2.102989144623279572e-02
9.998912811279296875e-01 1.086510819732211530e-04
9.991760849952697754e-01 8.238371228799223900e-04
6.978322863578796387e-01 3.021678626537322998e-01
9.634694457054138184e-01 3.653059527277946472e-02
9.988184571266174316e-01 1.181539264507591724e-03
9.965027570724487305e-01 3.497268073260784149e-03
9.998979568481445312e-01 1.019851479213684797e-04
9.999659061431884766e-01 3.426064722589217126e-05
9.994931221008300781e-01 5.068823229521512985e-04
9.981043338775634766e-01 1.895600697025656700e-03
9.979955554008483887e-01 2.004467882215976715e-03
9.998915195465087891e-01 1.085150070139206946e-04
1.041216999292373657e-01 8.958782553672790527e-01
1.951733604073524475e-02 9.804826974868774414e-01
9.988376498222351074e-01 1.162311295047402382e-03
9.968484044075012207e-01 3.151642857119441032e-03
9.998452663421630859e-01 1.547510182717815042e-04
9.961365461349487305e-01 3.863525344058871269e-03
9.968555569648742676e-01 3.144497517496347427e-03
9.998769760131835938e-01 1.230412744916975498e-04
9.996061325073242188e-01 3.938683948945254087e-04
9.998373985290527344e-01 1.626365847187116742e-04
9.563751816749572754e-01 4.362490773200988770e-02
9.987701177597045898e-01 1.229887711815536022e-03
9.686420559883117676e-01 3.135794401168823242e-02
9.997617006301879883e-01 2.382175589445978403e-04
9.986212253570556641e-01 1.378782326355576515e-03
9.975215792655944824e-01 2.478461479768157005e-03
1.318312902003526688e-02 9.868168234825134277e-01
9.999487400054931641e-01 5.124136441736482084e-05
9.996394515037536621e-01 3.605980018619447947e-04
9.942427277565002441e-01 5.757258739322423935e-03
9.997239708900451660e-01 2.759908675216138363e-04
9.989014863967895508e-01 1.098453183658421040e-03
9.999506473541259766e-01 4.951850496581755579e-05
9.999411106109619141e-01 5.905161378905177116e-05
9.999592304229736328e-01 4.077591438544914126e-05
9.999411106109619141e-01 5.901164331589825451e-05
9.992387294769287109e-01 7.612972403876483440e-04
9.995152950286865234e-01 4.847404488828033209e-04
9.999186992645263672e-01 8.132337825372815132e-05
9.999501705169677734e-01 4.997708674636669457e-05
2.332177013158798218e-03 9.976679086685180664e-01
9.997282624244689941e-01 2.717654278967529535e-04
9.998853206634521484e-01 1.146152353612706065e-04
9.999608993530273438e-01 3.918009315384551883e-05
9.960958361625671387e-01 3.904235083609819412e-03
2.478293776512145996e-01 7.521705627441406250e-01
9.795746803283691406e-01 2.042520232498645782e-02
9.999451637268066406e-01 5.479076935444027185e-05
9.840689897537231445e-01 1.593104749917984009e-02
9.999544620513916016e-01 4.565044218907132745e-05
9.971247315406799316e-01 2.875254722312092781e-03
3.852255875244736671e-03 9.961477518081665039e-01
9.999675750732421875e-01 3.243188257329165936e-05
9.999296665191650391e-01 7.028588152024894953e-05
2.636614441871643066e-02 9.736337661743164062e-01
7.662651538848876953e-01 2.337348908185958862e-01
9.993010759353637695e-01 6.989188259467482567e-04
9.999611377716064453e-01 3.892750100931152701e-05
9.999618530273437500e-01 3.825165185844525695e-05
9.999544620513916016e-01 4.562445610645227134e-05
9.998245239257812500e-01 1.754572440404444933e-04
9.998335838317871094e-01 1.663697621552273631e-04
9.999120235443115234e-01 8.799394709058105946e-05
9.999308586120605469e-01 6.929638038855046034e-05
2.563339471817016602e-01 7.436661720275878906e-01
9.977527260780334473e-01 2.247328869998455048e-03
2.442987635731697083e-03 9.975570440292358398e-01
9.998748302459716797e-01 1.253191585419699550e-04
9.998493194580078125e-01 1.508188870502635837e-04
9.999313354492187500e-01 6.873789970995858312e-05
9.996933341026306152e-01 3.065923519898205996e-04
1.472274889238178730e-03 9.985276460647583008e-01
9.996062517166137695e-01 3.936960129067301750e-04
9.946048855781555176e-01 5.395024549216032028e-03
9.998922348022460938e-01 1.077015549526549876e-04
9.998655319213867188e-01 1.344789925497025251e-04
9.950861334800720215e-01 4.913699347525835037e-03
9.997482895851135254e-01 2.517062821425497532e-04
1.514989584684371948e-01 8.485012054443359375e-01
2.542285434901714325e-02 9.745771288871765137e-01
9.999222755432128906e-01 7.783641194691881537e-05
9.999346733093261719e-01 6.528879748657345772e-05
6.483943201601505280e-03 9.935160875320434570e-01
8.786062709987163544e-03 9.912139177322387695e-01
2.358041470870375633e-03 9.976419806480407715e-01
1.612518131732940674e-01 8.387480378150939941e-01
9.592071920633316040e-02 9.040793180465698242e-01
9.999263286590576172e-01 7.376771827694028616e-05
9.972715973854064941e-01 2.728337654843926430e-03
9.999146461486816406e-01 8.542153955204412341e-05
2.602116763591766357e-02 9.739787578582763672e-01
1.280093193054199219e-02 9.871990680694580078e-01
2.983689308166503906e-03 9.970163106918334961e-01
2.386738546192646027e-03 9.976133108139038086e-01
8.574134111404418945e-02 9.142585992813110352e-01
9.912063367664813995e-03 9.900879263877868652e-01
9.988715052604675293e-01 1.128469128161668777e-03
3.908168151974678040e-02 9.609181880950927734e-01
3.064605221152305603e-02 9.693538546562194824e-01
4.722611233592033386e-02 9.527738094329833984e-01
3.931054100394248962e-02 9.606893658638000488e-01
9.999148845672607422e-01 8.524022996425628662e-05
2.716169692575931549e-02 9.728383421897888184e-01
1.937625347636640072e-03 9.980623722076416016e-01
8.366663008928298950e-03 9.916332960128784180e-01
4.299331456422805786e-02 9.570067524909973145e-01
1.033676136285066605e-02 9.896632432937622070e-01
9.998642206192016602e-01 1.358103472739458084e-04
7.608211636543273926e-01 2.391786873340606689e-01
9.997544884681701660e-01 2.455018111504614353e-04
2.671894617378711700e-02 9.732810258865356445e-01
9.978163242340087891e-01 2.183686243370175362e-03
